# Table format: 1D
# Expected output of FADEC_FLOW_Demand_5D.txt: Mdot_corrected_kg_s vs time
# axis1_unit = s
# table_unit = kg/s
0 0.123363
1 0.156173
2 0.195929
3 0.242794
4 0.296913
5 0.358416
6 0.391973
7 0.125478
8 0.159302
9 0.200287
10 0.248602
11 0.304395
12 0.3678
13 0.402395
14 0.127592
15 0.162431
16 0.204646
17 0.25441
18 0.311877
19 0.377184
20 0.412817
21 0.124565
22 0.157951
23 0.198406
24 0.246096
25 0.301166
26 0.36375
27 0.397897
28 0.126717
29 0.161135
30 0.202841
31 0.252006
32 0.30878
33 0.373299
34 0.408502
35 0.128868
36 0.16432
37 0.207277
38 0.257916
39 0.316393
40 0.382848
41 0.419107
42 0.125915
43 0.159949
44 0.201188
45 0.249803
46 0.305942
47 0.369739
48 0.404549
49 0.128108
50 0.163194
51 0.205709
52 0.255827
53 0.313703
54 0.379474
55 0.41536
56 0.130301
57 0.16644
58 0.210231
59 0.261852
60 0.321464
61 0.389208
62 0.426171
63 0.127412
64 0.162164
65 0.204274
66 0.253915
67 0.311239
68 0.376384
69 0.411929
70 0.129651
71 0.165479
72 0.208891
73 0.260067
74 0.319164
75 0.386324
76 0.422968
77 0.131891
78 0.168793
79 0.213508
80 0.266219
81 0.327089
82 0.396264
83 0.434007
84 0.129057
85 0.164598
86 0.207665
87 0.258434
88 0.31706
89 0.383684
90 0.420036
91 0.131347
92 0.167988
93 0.212387
94 0.264725
95 0.325165
96 0.39385
97 0.431326
98 0.133638
99 0.171378
100 0.217108
101 0.271017
102 0.33327
103 0.404015
104 0.442616
105 0.122936
106 0.15554
107 0.195048
108 0.24162
109 0.295401
110 0.35652
111 0.389867
112 0.125037
113 0.15865
114 0.199379
115 0.247392
116 0.302837
117 0.365845
118 0.400224
119 0.127138
120 0.161759
121 0.203711
122 0.253164
123 0.310272
124 0.37517
125 0.410581
126 0.12413
127 0.157308
128 0.19751
129 0.244901
130 0.299628
131 0.36182
132 0.395754
133 0.126269
134 0.160472
135 0.201917
136 0.250774
137 0.307193
138 0.37131
139 0.406293
140 0.128407
141 0.163636
142 0.206325
143 0.256648
144 0.314759
145 0.380799
146 0.416832
147 0.125472
148 0.159293
149 0.200274
150 0.248585
151 0.304373
152 0.367772
153 0.402364
154 0.127651
155 0.162518
156 0.204767
157 0.254572
158 0.312086
159 0.377446
160 0.413108
161 0.129831
162 0.165744
163 0.20926
164 0.260559
165 0.319798
166 0.387119
167 0.423851
168 0.126959
169 0.161494
170 0.203341
171 0.252672
172 0.309638
173 0.374376
174 0.409698
175 0.129185
176 0.164788
177 0.207929
178 0.258786
179 0.317513
180 0.384253
181 0.420668
182 0.13141
183 0.168082
184 0.212517
185 0.264899
186 0.325389
187 0.394131
188 0.431638
189 0.128594
190 0.163913
191 0.206711
192 0.257162
193 0.315422
194 0.38163
195 0.417755
196 0.13087
197 0.167282
198 0.211403
199 0.263415
200 0.323476
201 0.391732
202 0.428974
203 0.133146
204 0.17065
205 0.216095
206 0.269667
207 0.331531
208 0.401834
209 0.440193
210 0.122509
211 0.154908
212 0.194167
213 0.240447
214 0.293889
215 0.354623
216 0.387761
217 0.124597
218 0.157998
219 0.198471
220 0.246182
221 0.301278
222 0.36389
223 0.398053
224 0.126685
225 0.161088
226 0.202775
227 0.251918
228 0.308666
229 0.373157
230 0.408344
231 0.123696
232 0.156665
233 0.196614
234 0.243707
235 0.298089
236 0.359891
237 0.393611
238 0.12582
239 0.159809
240 0.200993
241 0.249543
242 0.305607
243 0.36932
244 0.404084
245 0.127945
246 0.162953
247 0.205373
248 0.255379
249 0.313126
250 0.37875
251 0.414556
252 0.125028
253 0.158637
254 0.199361
255 0.247368
256 0.302805
257 0.365805
258 0.40018
259 0.127194
260 0.161842
261 0.203826
262 0.253317
263 0.310469
264 0.375418
265 0.410855
266 0.12936
267 0.165047
268 0.20829
269 0.259267
270 0.318133
271 0.38503
272 0.421531
273 0.126507
274 0.160825
275 0.202409
276 0.251429
277 0.308036
278 0.372367
279 0.407467
280 0.128718
281 0.164098
282 0.206968
283 0.257504
284 0.315862
285 0.382182
286 0.418368
287 0.13093
288 0.167371
289 0.211527
290 0.263579
291 0.323688
292 0.391998
293 0.429269
294 0.128131
295 0.163228
296 0.205757
297 0.255891
298 0.313784
299 0.379576
300 0.415473
301 0.130393
302 0.166576
303 0.210419
304 0.262104
305 0.321788
306 0.389614
307 0.426622
308 0.132655
309 0.169923
310 0.215082
311 0.268317
312 0.329791
313 0.399653
314 0.437771
315 0.122082
316 0.154276
317 0.193286
318 0.239273
319 0.292377
320 0.352727
321 0.385655
322 0.124156
323 0.157346
324 0.197563
325 0.244972
326 0.299719
327 0.361935
328 0.395881
329 0.126231
330 0.160417
331 0.20184
332 0.250671
333 0.307061
334 0.371143
335 0.406108
336 0.123261
337 0.156021
338 0.195717
339 0.242512
340 0.296551
341 0.357961
342 0.391468
343 0.125372
344 0.159145
345 0.200069
346 0.248312
347 0.304021
348 0.367331
349 0.401874
350 0.127483
351 0.16227
352 0.204421
353 0.254111
354 0.311492
355 0.376701
356 0.41228
357 0.124585
358 0.157981
359 0.198447
360 0.24615
361 0.301236
362 0.363838
363 0.397995
364 0.126737
365 0.161166
366 0.202884
367 0.252062
368 0.308852
369 0.37339
370 0.408603
371 0.128889
372 0.164351
373 0.20732
374 0.257974
375 0.316468
376 0.382942
377 0.419211
378 0.126054
379 0.160155
380 0.201476
381 0.250186
382 0.306435
383 0.370358
384 0.405236
385 0.128252
386 0.163407
387 0.206006
388 0.256222
389 0.314211
390 0.380112
391 0.416068
392 0.130449
393 0.166659
394 0.210536
395 0.262259
396 0.321988
397 0.389865
398 0.426901
399 0.127668
400 0.162543
401 0.204803
402 0.254619
403 0.312146
404 0.377522
405 0.413192
406 0.129916
407 0.16587
408 0.209436
409 0.260793
410 0.320099
411 0.387497
412 0.42427
413 0.132163
414 0.169196
415 0.214069
416 0.266967
417 0.328052
418 0.397471
419 0.435348
420 0.121654
421 0.153643
422 0.192405
423 0.238099
424 0.290866
425 0.350831
426 0.383549
427 0.123716
428 0.156694
429 0.196655
430 0.243762
431 0.29816
432 0.35998
433 0.39371
434 0.125777
435 0.159745
436 0.200905
437 0.249425
438 0.305455
439 0.369129
440 0.403872
441 0.122826
442 0.155378
443 0.194821
444 0.241318
445 0.295012
446 0.356031
447 0.389325
448 0.124924
449 0.158482
450 0.199145
451 0.247081
452 0.302435
453 0.365342
454 0.399665
455 0.127022
456 0.161587
457 0.20347
458 0.252843
459 0.309858
460 0.374652
461 0.410005
462 0.124142
463 0.157325
464 0.197533
465 0.244933
466 0.299668
467 0.361871
468 0.39581
469 0.12628
470 0.16049
471 0.201942
472 0.250807
473 0.307235
474 0.371362
475 0.406351
476 0.128419
477 0.163654
478 0.20635
479 0.256681
480 0.314802
481 0.380853
482 0.416891
483 0.125602
484 0.159485
485 0.200543
486 0.248942
487 0.304833
488 0.36835
489 0.403006
490 0.127785
491 0.162717
492 0.205044
493 0.254941
494 0.31256
495 0.378041
496 0.413769
497 0.129969
498 0.165948
499 0.209545
500 0.260939
501 0.320287
502 0.387732
503 0.424532
504 0.127205
505 0.161858
506 0.203849
507 0.253348
508 0.310508
509 0.375467
510 0.410911
511 0.129438
512 0.165163
513 0.208452
514 0.259482
515 0.318411
516 0.385379
517 0.421918
518 0.131672
519 0.168468
520 0.213056
521 0.265617
522 0.326313
523 0.39529
524 0.432926
525 0.139449
526 0.179978
527 0.229088
528 0.286981
529 0.353834
530 0.429808
531 0.471261
532 0.142061
533 0.183843
534 0.234472
535 0.294156
536 0.363076
537 0.4414
538 0.484135
539 0.144673
540 0.187709
541 0.239857
542 0.30133
543 0.372319
544 0.452992
545 0.497009
546 0.140934
547 0.182175
548 0.232149
549 0.291059
550 0.359088
551 0.436397
552 0.478579
553 0.143591
554 0.186109
555 0.237628
556 0.29836
557 0.368492
558 0.448193
559 0.491679
560 0.146249
561 0.190042
562 0.243106
563 0.305661
564 0.377897
565 0.459989
566 0.50478
567 0.142601
568 0.184642
569 0.235585
570 0.295638
571 0.364987
572 0.443796
573 0.486796
574 0.14531
575 0.188652
576 0.24117
577 0.303081
578 0.374574
579 0.45582
580 0.50015
581 0.148019
582 0.192661
583 0.246756
584 0.310523
585 0.384161
586 0.467845
587 0.513505
588 0.14445
589 0.187379
590 0.239398
591 0.300719
592 0.371531
593 0.452004
594 0.495912
595 0.147217
596 0.191474
597 0.245101
598 0.308318
599 0.381321
600 0.464283
601 0.509549
602 0.149983
603 0.195568
604 0.250804
605 0.315918
606 0.39111
607 0.476561
608 0.523185
609 0.146482
610 0.190386
611 0.243586
612 0.3063
613 0.378721
614 0.461022
615 0.505927
616 0.149311
617 0.194574
618 0.249419
619 0.314072
620 0.388733
621 0.473579
622 0.519874
623 0.152141
624 0.198761
625 0.255252
626 0.321845
627 0.398745
628 0.486137
629 0.53382
630 0.138921
631 0.179197
632 0.228
633 0.285531
634 0.351966
635 0.427465
636 0.468659
637 0.141517
638 0.183038
639 0.233351
640 0.292661
641 0.361151
642 0.438985
643 0.481453
644 0.144112
645 0.186879
646 0.238701
647 0.299791
648 0.370336
649 0.450505
650 0.494247
651 0.140396
652 0.18138
653 0.231042
654 0.289584
655 0.357187
656 0.434013
657 0.475932
658 0.143038
659 0.185289
660 0.236486
661 0.296839
662 0.366533
663 0.445735
664 0.48895
665 0.145679
666 0.189198
667 0.241931
668 0.304094
669 0.375879
670 0.457458
671 0.501969
672 0.142053
673 0.183832
674 0.234457
675 0.294134
676 0.363049
677 0.441366
678 0.484097
679 0.144745
680 0.187817
681 0.240007
682 0.30153
683 0.372577
684 0.453315
685 0.497368
686 0.147438
687 0.191801
688 0.245557
689 0.308926
690 0.382104
691 0.465265
692 0.510639
693 0.143891
694 0.186552
695 0.238245
696 0.299183
697 0.369553
698 0.449523
699 0.493156
700 0.14664
701 0.190621
702 0.243913
703 0.306735
704 0.379281
705 0.461725
706 0.506708
707 0.149389
708 0.194689
709 0.24958
710 0.314287
711 0.38901
712 0.473926
713 0.520259
714 0.14591
715 0.18954
716 0.242408
717 0.30473
718 0.376698
719 0.458484
720 0.503109
721 0.148722
722 0.193701
723 0.248204
724 0.312453
725 0.386647
726 0.470963
727 0.516968
728 0.151533
729 0.197862
730 0.254
731 0.320177
732 0.396597
733 0.483442
734 0.530827
735 0.138393
736 0.178416
737 0.226912
738 0.284081
739 0.350099
740 0.425123
741 0.466058
742 0.140973
743 0.182233
744 0.232229
745 0.291166
746 0.359226
747 0.43657
748 0.478771
749 0.143552
750 0.18605
751 0.237546
752 0.298251
753 0.368352
754 0.448017
755 0.491484
756 0.139859
757 0.180586
758 0.229934
759 0.288108
760 0.355287
761 0.43163
762 0.473284
763 0.142484
764 0.18447
765 0.235345
766 0.295318
767 0.364574
768 0.443278
769 0.486221
770 0.145108
771 0.188354
772 0.240755
773 0.302528
774 0.373861
775 0.454926
776 0.499158
777 0.141506
778 0.183022
779 0.233328
780 0.29263
781 0.361112
782 0.438936
783 0.481399
784 0.144181
785 0.186981
786 0.238843
787 0.29998
788 0.370579
789 0.45081
790 0.494586
791 0.146856
792 0.190941
793 0.244359
794 0.307329
795 0.380047
796 0.462684
797 0.507774
798 0.143332
799 0.185725
800 0.237093
801 0.297647
802 0.367574
803 0.447042
804 0.490401
805 0.146064
806 0.189768
807 0.242725
808 0.305152
809 0.377242
810 0.459167
811 0.503867
812 0.148796
813 0.193811
814 0.248356
815 0.312656
816 0.386909
817 0.471292
818 0.517333
819 0.145338
820 0.188694
821 0.241229
822 0.303159
823 0.374675
824 0.455947
825 0.500291
826 0.148132
827 0.192829
828 0.246989
829 0.310834
830 0.384561
831 0.468347
832 0.514063
833 0.150926
834 0.196964
835 0.252748
836 0.318509
837 0.394448
838 0.480748
839 0.527835
840 0.137866
841 0.177635
842 0.225824
843 0.282631
844 0.348231
845 0.42278
846 0.463456
847 0.140428
848 0.181428
849 0.231107
850 0.289671
851 0.3573
852 0.434155
853 0.476089
854 0.142991
855 0.18522
856 0.236391
857 0.296712
858 0.366369
859 0.44553
860 0.488722
861 0.139322
862 0.179791
863 0.228827
864 0.286633
865 0.353386
866 0.429246
867 0.470637
868 0.14193
869 0.18365
870 0.234203
871 0.293797
872 0.362614
873 0.440821
874 0.483492
875 0.144538
876 0.18751
877 0.239579
878 0.300961
879 0.371843
880 0.452395
881 0.496346
882 0.140958
883 0.182212
884 0.232199
885 0.291127
886 0.359174
887 0.436506
888 0.4787
889 0.143617
890 0.186146
891 0.23768
892 0.298429
893 0.368582
894 0.448305
895 0.491804
896 0.146275
897 0.19008
898 0.24316
899 0.305732
900 0.377989
901 0.460104
902 0.504908
903 0.142773
904 0.184897
905 0.23594
906 0.296112
907 0.365596
908 0.44456
909 0.487645
910 0.145487
911 0.188915
912 0.241536
913 0.303569
914 0.375202
915 0.456609
916 0.501026
917 0.148202
918 0.192932
919 0.247133
920 0.311026
921 0.384808
922 0.468657
923 0.514407
924 0.144767
925 0.187848
926 0.24005
927 0.301588
928 0.372651
929 0.453409
930 0.497472
931 0.147543
932 0.191957
933 0.245774
934 0.309215
935 0.382476
936 0.465731
937 0.511157
938 0.150319
939 0.196065
940 0.251497
941 0.316841
942 0.3923
943 0.478053
944 0.524842
945 0.137338
946 0.176854
947 0.224736
948 0.281181
949 0.346363
950 0.420438
951 0.460855
952 0.139884
953 0.180622
954 0.229986
955 0.288177
956 0.355375
957 0.43174
958 0.473407
959 0.142431
960 0.184391
961 0.235235
962 0.295172
963 0.364386
964 0.443042
965 0.485959
966 0.138785
967 0.178996
968 0.22772
969 0.285158
970 0.351485
971 0.426862
972 0.46799
973 0.141377
974 0.182831
975 0.233062
976 0.292276
977 0.360655
978 0.438363
979 0.480762
980 0.143968
981 0.186666
982 0.238404
983 0.299394
984 0.369825
985 0.449864
986 0.493535
987 0.140411
988 0.181401
989 0.231071
990 0.289623
991 0.357237
992 0.434076
993 0.476001
994 0.143052
995 0.185311
996 0.236516
997 0.296879
998 0.366585
999 0.4458
1000 0.489022
1001 0.145694
1002 0.18922
1003 0.241962
1004 0.304135
1005 0.375932
1006 0.457524
1007 0.502042
1008 0.142214
1009 0.18407
1010 0.234788
1011 0.294576
1012 0.363618
1013 0.442079
1014 0.484889
1015 0.144911
1016 0.188062
1017 0.240348
1018 0.301985
1019 0.373163
1020 0.454051
1021 0.498185
1022 0.147608
1023 0.192054
1024 0.245909
1025 0.309395
1026 0.382708
1027 0.466022
1028 0.51148
1029 0.144195
1030 0.187002
1031 0.238872
1032 0.300018
1033 0.370628
1034 0.450871
1035 0.494654
1036 0.146953
1037 0.191084
1038 0.244558
1039 0.307596
1040 0.38039
1041 0.463115
1042 0.508252
1043 0.149712
1044 0.195167
1045 0.250245
1046 0.315174
1047 0.390151
1048 0.475358
1049 0.521849
1050 0.256069
1051 0.352567
1052 0.469496
1053 0.607336
1054 0.76651
1055 0.9474
1056 1.046098
1057 0.262288
1058 0.36177
1059 0.482315
1060 0.624418
1061 0.788515
1062 0.975
1063 1.07675
1064 0.268506
1065 0.370973
1066 0.495135
1067 0.641501
1068 0.810521
1069 1.0026
1070 1.107403
1071 0.259604
1072 0.357798
1073 0.476783
1074 0.617046
1075 0.779018
1076 0.963088
1077 1.063521
1078 0.265932
1079 0.367163
1080 0.489828
1081 0.634429
1082 0.801411
1083 0.991174
1084 1.094713
1085 0.27226
1086 0.376528
1087 0.502873
1088 0.651811
1089 0.823803
1090 1.019259
1091 1.125904
1092 0.263573
1093 0.363672
1094 0.484965
1095 0.627949
1096 0.793063
1097 0.980704
1098 1.083086
1099 0.270024
1100 0.373219
1101 0.498263
1102 0.645669
1103 0.81589
1104 1.009334
1105 1.114882
1106 0.276474
1107 0.382765
1108 0.511561
1109 0.663389
1110 0.838717
1111 1.037964
1112 1.146679
1113 0.267976
1114 0.370189
1115 0.494042
1116 0.640045
1117 0.808646
1118 1.000248
1119 1.104791
1120 0.274563
1121 0.379937
1122 0.507621
1123 0.658139
1124 0.831954
1125 1.029482
1126 1.137258
1127 0.28115
1128 0.389685
1129 0.5212
1130 0.676233
1131 0.855263
1132 1.058717
1133 1.169726
1134 0.272814
1135 0.377348
1136 0.504015
1137 0.653334
1138 0.825764
1139 1.021719
1140 1.128637
1141 0.279551
1142 0.387318
1143 0.517902
1144 0.671839
1145 0.849603
1146 1.051618
1147 1.161842
1148 0.286287
1149 0.397287
1150 0.531789
1151 0.690344
1152 0.873441
1153 1.081516
1154 1.195047
1155 0.254812
1156 0.350707
1157 0.466905
1158 0.603883
1159 0.762063
1160 0.941823
1161 1.039904
1162 0.260992
1163 0.359853
1164 0.479645
1165 0.620859
1166 0.783931
1167 0.96925
1168 1.070364
1169 0.267172
1170 0.368998
1171 0.492384
1172 0.637835
1173 0.805799
1174 0.996678
1175 1.100825
1176 0.258325
1177 0.355906
1178 0.474147
1179 0.613533
1180 0.774493
1181 0.957413
1182 1.057218
1183 0.264613
1184 0.365212
1185 0.48711
1186 0.630807
1187 0.796746
1188 0.985323
1189 1.088215
1190 0.270902
1191 0.374518
1192 0.500073
1193 0.648081
1194 0.818998
1195 1.013232
1196 1.119211
1197 0.262269
1198 0.361743
1199 0.482278
1200 0.624368
1201 0.788451
1202 0.974919
1203 1.07666
1204 0.26868
1205 0.37123
1206 0.495492
1207 0.641977
1208 0.811135
1209 1.00337
1210 1.108258
1211 0.27509
1212 0.380717
1213 0.508707
1214 0.659586
1215 0.833819
1216 1.031821
1217 1.139856
1218 0.266645
1219 0.368219
1220 0.491298
1221 0.636388
1222 0.803935
1223 0.99434
1224 1.09823
1225 0.273191
1226 0.377906
1227 0.504792
1228 0.654369
1229 0.827098
1230 1.023392
1231 1.130494
1232 0.279737
1233 0.387593
1234 0.518286
1235 0.672351
1236 0.850261
1237 1.052444
1238 1.162759
1239 0.271453
1240 0.375334
1241 0.501209
1242 0.649595
1243 0.820947
1244 1.015677
1245 1.121926
1246 0.278147
1247 0.385241
1248 0.515009
1249 0.667984
1250 0.844636
1251 1.045389
1252 1.154924
1253 0.284841
1254 0.395148
1255 0.528809
1256 0.686374
1257 0.868325
1258 1.0751
1259 1.187922
1260 0.253556
1261 0.348847
1262 0.464315
1263 0.600431
1264 0.757616
1265 0.936245
1266 1.033709
1267 0.259697
1268 0.357935
1269 0.476974
1270 0.6173
1271 0.779346
1272 0.9635
1273 1.063979
1274 0.265837
1275 0.367024
1276 0.489633
1277 0.634169
1278 0.801077
1279 0.990755
1280 1.094248
1281 0.257046
1282 0.354013
1283 0.471511
1284 0.61002
1285 0.769968
1286 0.951737
1287 1.050915
1288 0.263295
1289 0.363261
1290 0.484392
1291 0.627186
1292 0.79208
1293 0.979471
1294 1.081716
1295 0.269544
1296 0.372509
1297 0.497274
1298 0.644351
1299 0.814193
1300 1.007206
1301 1.112518
1302 0.260966
1303 0.359814
1304 0.47959
1305 0.620787
1306 0.783838
1307 0.969133
1308 1.070235
1309 0.267336
1310 0.369241
1311 0.492722
1312 0.638285
1313 0.806379
1314 0.997405
1315 1.101634
1316 0.273706
1317 0.378668
1318 0.505854
1319 0.655784
1320 0.82892
1321 1.025677
1322 1.133033
1323 0.265314
1324 0.366249
1325 0.488554
1326 0.632732
1327 0.799225
1328 0.988432
1329 1.091668
1330 0.271819
1331 0.375875
1332 0.501963
1333 0.6506
1334 0.822242
1335 1.017301
1336 1.12373
1337 0.278323
1338 0.385502
1339 0.515372
1340 0.668468
1341 0.845259
1342 1.04617
1343 1.155792
1344 0.270091
1345 0.373319
1346 0.498403
1347 0.645855
1348 0.81613
1349 1.009635
1350 1.115216
1351 0.276744
1352 0.383164
1353 0.512116
1354 0.664129
1355 0.83967
1356 1.03916
1357 1.148006
1358 0.283396
1359 0.393009
1360 0.52583
1361 0.682403
1362 0.86321
1363 1.068685
1364 1.180796
1365 0.252299
1366 0.346988
1367 0.461724
1368 0.596979
1369 0.753169
1370 0.930668
1371 1.027515
1372 0.258401
1373 0.356018
1374 0.474303
1375 0.613742
1376 0.774762
1377 0.95775
1378 1.057593
1379 0.264503
1380 0.365049
1381 0.486882
1382 0.630504
1383 0.796355
1384 0.984833
1385 1.08767
1386 0.255767
1387 0.352121
1388 0.468874
1389 0.606507
1390 0.765443
1391 0.946062
1392 1.044612
1393 0.261977
1394 0.36131
1395 0.481675
1396 0.623564
1397 0.787415
1398 0.97362
1399 1.075218
1400 0.268186
1401 0.370499
1402 0.494475
1403 0.640621
1404 0.809388
1405 1.001179
1406 1.105825
1407 0.259662
1408 0.357885
1409 0.476903
1410 0.617206
1411 0.779225
1412 0.963347
1413 1.063809
1414 0.265992
1415 0.367252
1416 0.489952
1417 0.634594
1418 0.801623
1419 0.991441
1420 1.095009
1421 0.272322
1422 0.37662
1423 0.503
1424 0.651982
1425 0.824022
1426 1.019534
1427 1.12621
1428 0.263983
1429 0.364279
1430 0.48581
1431 0.629075
1432 0.794515
1433 0.982525
1434 1.085107
1435 0.270446
1436 0.373844
1437 0.499134
1438 0.64683
1439 0.817386
1440 1.011211
1441 1.116966
1442 0.27691
1443 0.38341
1444 0.512458
1445 0.664585
1446 0.840258
1447 1.039897
1448 1.148825
1449 0.26873
1450 0.371304
1451 0.495596
1452 0.642115
1453 0.811313
1454 1.003593
1455 1.108506
1456 0.27534
1457 0.381087
1458 0.509223
1459 0.660274
1460 0.834704
1461 1.032931
1462 1.141088
1463 0.28195
1464 0.39087
1465 0.52285
1466 0.678432
1467 0.858095
1468 1.062269
1469 1.173671
1470 0.251042
1471 0.345128
1472 0.459134
1473 0.593527
1474 0.748722
1475 0.92509
1476 1.02132
1477 0.257105
1478 0.354101
1479 0.471633
1480 0.610183
1481 0.770177
1482 0.952
1483 1.051207
1484 0.263169
1485 0.363074
1486 0.484132
1487 0.626838
1488 0.791633
1489 0.97891
1490 1.081093
1491 0.254489
1492 0.350228
1493 0.466238
1494 0.602995
1495 0.760918
1496 0.940386
1497 1.038308
1498 0.260658
1499 0.359359
1500 0.478957
1501 0.619943
1502 0.78275
1503 0.967769
1504 1.06872
1505 0.266828
1506 0.36849
1507 0.491676
1508 0.636891
1509 0.804583
1510 0.995152
1511 1.099132
1512 0.258359
1513 0.355955
1514 0.474216
1515 0.613625
1516 0.774612
1517 0.957562
1518 1.057384
1519 0.264648
1520 0.365263
1521 0.487181
1522 0.630902
1523 0.796868
1524 0.985476
1525 1.088385
1526 0.270937
1527 0.374571
1528 0.500147
1529 0.648179
1530 0.819124
1531 1.01339
1532 1.119387
1533 0.262652
1534 0.362309
1535 0.483066
1536 0.625419
1537 0.789804
1538 0.976617
1539 1.078546
1540 0.269074
1541 0.371814
1542 0.496306
1543 0.643061
1544 0.81253
1545 1.00512
1546 1.110202
1547 0.275496
1548 0.381318
1549 0.509545
1550 0.660702
1551 0.835256
1552 1.033624
1553 1.141858
1554 0.267369
1555 0.36929
1556 0.49279
1557 0.638376
1558 0.806495
1559 0.997551
1560 1.101796
1561 0.273937
1562 0.37901
1563 0.50633
1564 0.656418
1565 0.829737
1566 1.026702
1567 1.134171
1568 0.280505
1569 0.38873
1570 0.51987
1571 0.674461
1572 0.85298
1573 1.055853
1574 1.166546
1575 0.219877
1576 0.299005
1577 0.394887
1578 0.507915
1579 0.638438
1580 0.786768
1581 0.8677
1582 0.224976
1583 0.306551
1584 0.405399
1585 0.521923
1586 0.656483
1587 0.8094
1588 0.892835
1589 0.230075
1590 0.314098
1591 0.415911
1592 0.535931
1593 0.674527
1594 0.832032
1595 0.91797
1596 0.222775
1597 0.303295
1598 0.400862
1599 0.515877
1600 0.648695
1601 0.799632
1602 0.881988
1603 0.227964
1604 0.310974
1605 0.411559
1606 0.530131
1607 0.667057
1608 0.822662
1609 0.907564
1610 0.233153
1611 0.318653
1612 0.422255
1613 0.544385
1614 0.685418
1615 0.845692
1616 0.933141
1617 0.22603
1618 0.308111
1619 0.407571
1620 0.524818
1621 0.660212
1622 0.814078
1623 0.89803
1624 0.231319
1625 0.315939
1626 0.418476
1627 0.539348
1628 0.67893
1629 0.837554
1630 0.924103
1631 0.236609
1632 0.323768
1633 0.42938
1634 0.553879
1635 0.697648
1636 0.861031
1637 0.950176
1638 0.229641
1639 0.313455
1640 0.415015
1641 0.534737
1642 0.672989
1643 0.830103
1644 0.915828
1645 0.235042
1646 0.321448
1647 0.426149
1648 0.549574
1649 0.692102
1650 0.854076
1651 0.942452
1652 0.240443
1653 0.329442
1654 0.437284
1655 0.564411
1656 0.711215
1657 0.878048
1658 0.969076
1659 0.233607
1660 0.319326
1661 0.423192
1662 0.545634
1663 0.687027
1664 0.84771
1665 0.935382
1666 0.239131
1667 0.327501
1668 0.43458
1669 0.560808
1670 0.706574
1671 0.872226
1672 0.96261
1673 0.244655
1674 0.335676
1675 0.445967
1676 0.575982
1677 0.726121
1678 0.896743
1679 0.989839
1680 0.218846
1681 0.29748
1682 0.392762
1683 0.505084
1684 0.634792
1685 0.782194
1686 0.862621
1687 0.223913
1688 0.304979
1689 0.403209
1690 0.519005
1691 0.652723
1692 0.804685
1693 0.887599
1694 0.228981
1695 0.312479
1696 0.413655
1697 0.532925
1698 0.670655
1699 0.827176
1700 0.912577
1701 0.221726
1702 0.301743
1703 0.3987
1704 0.512997
1705 0.644984
1706 0.794979
1707 0.876819
1708 0.226883
1709 0.309374
1710 0.40933
1711 0.527162
1712 0.663231
1713 0.817864
1714 0.902236
1715 0.232039
1716 0.317005
1717 0.41996
1718 0.541327
1719 0.681478
1720 0.84075
1721 0.927653
1722 0.224961
1723 0.306529
1724 0.405368
1725 0.521882
1726 0.656429
1727 0.809333
1728 0.892761
1729 0.230217
1730 0.314309
1731 0.416204
1732 0.536321
1733 0.67503
1734 0.832663
1735 0.918671
1736 0.235474
1737 0.322088
1738 0.42704
1739 0.550761
1740 0.693631
1741 0.855993
1742 0.944582
1743 0.228549
1744 0.31184
1745 0.412765
1746 0.531738
1747 0.669127
1748 0.825259
1749 0.910448
1750 0.233917
1751 0.319783
1752 0.42383
1753 0.546483
1754 0.688121
1755 0.849081
1756 0.936905
1757 0.239284
1758 0.327727
1759 0.434894
1760 0.561227
1761 0.707114
1762 0.872904
1763 0.963363
1764 0.232491
1765 0.317674
1766 0.420891
1767 0.542568
1768 0.683077
1769 0.842755
1770 0.92988
1771 0.237981
1772 0.325798
1773 0.432208
1774 0.557647
1775 0.702502
1776 0.867119
1777 0.956938
1778 0.24347
1779 0.333921
1780 0.443524
1781 0.572726
1782 0.721927
1783 0.891482
1784 0.983996
1785 0.217816
1786 0.295955
1787 0.390638
1788 0.502254
1789 0.631145
1790 0.777621
1791 0.857542
1792 0.222851
1793 0.303407
1794 0.401019
1795 0.516086
1796 0.648964
1797 0.79997
1798 0.882362
1799 0.227887
1800 0.310859
1801 0.411399
1802 0.529919
1803 0.666783
1804 0.822319
1805 0.907183
1806 0.220678
1807 0.300191
1808 0.396539
1809 0.510116
1810 0.641274
1811 0.790325
1812 0.87165
1813 0.225802
1814 0.307774
1815 0.407102
1816 0.524192
1817 0.659406
1818 0.813067
1819 0.896907
1820 0.230926
1821 0.315357
1822 0.417665
1823 0.538268
1824 0.677538
1825 0.835809
1826 0.922165
1827 0.223892
1828 0.304947
1829 0.403164
1830 0.518945
1831 0.652647
1832 0.804589
1833 0.887492
1834 0.229115
1835 0.312678
1836 0.413932
1837 0.533294
1838 0.671131
1839 0.827772
1840 0.91324
1841 0.234339
1842 0.320408
1843 0.4247
1844 0.547643
1845 0.689615
1846 0.850955
1847 0.938987
1848 0.227458
1849 0.310224
1850 0.410515
1851 0.52874
1852 0.665264
1853 0.820415
1854 0.905068
1855 0.232791
1856 0.318118
1857 0.42151
1858 0.543392
1859 0.684139
1860 0.844087
1861 0.931359
1862 0.238125
1863 0.326011
1864 0.432505
1865 0.558044
1866 0.703013
1867 0.86776
1868 0.95765
1869 0.231375
1870 0.316022
1871 0.41859
1872 0.539501
1873 0.679127
1874 0.837801
1875 0.924377
1876 0.23683
1877 0.324094
1878 0.429835
1879 0.554486
1880 0.698429
1881 0.862011
1882 0.951265
1883 0.242285
1884 0.332167
1885 0.44108
1886 0.56947
1887 0.717732
1888 0.886221
1889 0.978153
1890 0.216785
1891 0.29443
1892 0.388514
1893 0.499423
1894 0.627499
1895 0.773047
1896 0.852462
1897 0.221789
1898 0.301835
1899 0.398829
1900 0.513168
1901 0.645205
1902 0.795255
1903 0.877126
1904 0.226792
1905 0.30924
1906 0.409144
1907 0.526913
1908 0.662911
1909 0.817463
1910 0.90179
1911 0.219629
1912 0.298639
1913 0.394377
1914 0.507236
1915 0.637563
1916 0.785671
1917 0.866482
1918 0.224721
1919 0.306174
1920 0.404873
1921 0.521223
1922 0.655581
1923 0.808269
1924 0.891579
1925 0.229813
1926 0.313709
1927 0.415369
1928 0.535209
1929 0.673598
1930 0.830867
1931 0.916676
1932 0.222823
1933 0.303365
1934 0.400961
1935 0.516009
1936 0.648864
1937 0.799845
1938 0.882223
1939 0.228013
1940 0.311047
1941 0.41166
1942 0.530267
1943 0.667231
1944 0.822881
1945 0.907808
1946 0.233204
1947 0.318728
1948 0.42236
1949 0.544525
1950 0.685598
1951 0.845918
1952 0.933392
1953 0.226366
1954 0.308609
1955 0.408265
1956 0.525742
1957 0.661402
1958 0.81557
1959 0.899688
1960 0.231666
1961 0.316452
1962 0.41919
1963 0.540301
1964 0.680157
1965 0.839093
1966 0.925812
1967 0.236966
1968 0.324296
1969 0.430116
1970 0.55486
1971 0.698911
1972 0.862616
1973 0.951937
1974 0.230259
1975 0.31437
1976 0.416289
1977 0.536435
1978 0.675176
1979 0.832846
1980 0.918875
1981 0.235679
1982 0.322391
1983 0.427463
1984 0.551324
1985 0.694357
1986 0.856903
1987 0.945593
1988 0.241099
1989 0.330413
1990 0.438637
1991 0.566214
1992 0.713538
1993 0.880961
1994 0.97231
1995 0.215755
1996 0.292905
1997 0.38639
1998 0.496592
1999 0.623852
2000 0.768474
2001 0.847383
2002 0.220726
2003 0.300263
2004 0.396639
2005 0.51025
2006 0.641446
2007 0.79054
2008 0.871889
2009 0.225698
2010 0.307621
2011 0.406888
2012 0.523907
2013 0.659039
2014 0.812606
2015 0.896396
2016 0.218581
2017 0.297087
2018 0.392215
2019 0.504356
2020 0.633853
2021 0.781017
2022 0.861313
2023 0.22364
2024 0.304574
2025 0.402645
2026 0.518253
2027 0.651755
2028 0.803471
2029 0.88625
2030 0.228699
2031 0.312062
2032 0.413074
2033 0.532151
2034 0.669658
2035 0.825925
2036 0.911188
2037 0.221754
2038 0.301783
2039 0.398757
2040 0.513073
2041 0.645082
2042 0.795101
2043 0.876954
2044 0.226911
2045 0.309416
2046 0.409389
2047 0.52724
2048 0.663332
2049 0.81799
2050 0.902376
2051 0.232069
2052 0.317048
2053 0.42002
2054 0.541407
2055 0.681582
2056 0.84088
2057 0.927797
2058 0.225275
2059 0.306994
2060 0.406014
2061 0.522743
2062 0.65754
2063 0.810726
2064 0.894308
2065 0.230541
2066 0.314787
2067 0.416871
2068 0.53721
2069 0.676175
2070 0.834099
2071 0.920266
2072 0.235807
2073 0.322581
2074 0.427727
2075 0.551676
2076 0.69481
2077 0.857472
2078 0.946224
2079 0.229142
2080 0.312718
2081 0.413988
2082 0.533368
2083 0.671226
2084 0.827892
2085 0.913372
2086 0.234528
2087 0.320688
2088 0.42509
2089 0.548163
2090 0.690285
2091 0.851796
2092 0.93992
2093 0.239914
2094 0.328659
2095 0.436193
2096 0.562958
2097 0.709343
2098 0.8757
2099 0.966468
2100 0.183684
2101 0.245443
2102 0.320277
2103 0.408495
2104 0.510366
2105 0.626136
2106 0.689303
2107 0.187664
2108 0.251333
2109 0.328482
2110 0.419428
2111 0.52445
2112 0.6438
2113 0.70892
2114 0.191644
2115 0.257223
2116 0.336686
2117 0.43036
2118 0.538533
2119 0.661464
2120 0.728538
2121 0.185946
2122 0.248791
2123 0.324941
2124 0.414709
2125 0.518372
2126 0.636177
2127 0.700454
2128 0.189996
2129 0.254784
2130 0.33329
2131 0.425834
2132 0.532703
2133 0.654151
2134 0.720416
2135 0.194046
2136 0.260778
2137 0.341638
2138 0.436959
2139 0.547034
2140 0.672126
2141 0.740379
2142 0.188487
2143 0.25255
2144 0.330178
2145 0.421687
2146 0.527361
2147 0.647451
2148 0.712975
2149 0.192615
2150 0.25866
2151 0.338688
2152 0.433028
2153 0.54197
2154 0.665774
2155 0.733325
2156 0.196744
2157 0.26477
2158 0.347199
2159 0.444369
2160 0.556579
2161 0.684097
2162 0.753674
2163 0.191305
2164 0.256721
2165 0.335987
2166 0.429429
2167 0.537333
2168 0.659959
2169 0.726866
2170 0.19552
2171 0.26296
2172 0.344677
2173 0.441009
2174 0.552251
2175 0.678669
2176 0.747645
2177 0.199736
2178 0.269198
2179 0.353368
2180 0.452589
2181 0.567168
2182 0.697379
2183 0.768425
2184 0.194401
2185 0.261303
2186 0.34237
2187 0.437934
2188 0.548289
2189 0.6737
2190 0.742127
2191 0.198712
2192 0.267683
2193 0.351257
2194 0.449777
2195 0.563546
2196 0.692835
2197 0.763379
2198 0.203024
2199 0.274064
2200 0.360145
2201 0.46162
2202 0.578802
2203 0.71197
2204 0.78463
2205 0.18288
2206 0.244253
2207 0.318619
2208 0.406285
2209 0.50752
2210 0.622566
2211 0.685338
2212 0.186835
2213 0.250106
2214 0.326773
2215 0.41715
2216 0.521516
2217 0.64012
2218 0.704833
2219 0.19079
2220 0.255959
2221 0.334926
2222 0.428014
2223 0.535511
2224 0.657674
2225 0.724328
2226 0.185128
2227 0.24758
2228 0.323254
2229 0.412461
2230 0.515476
2231 0.632544
2232 0.69642
2233 0.189153
2234 0.253536
2235 0.33155
2236 0.423517
2237 0.529717
2238 0.650406
2239 0.716257
2240 0.193177
2241 0.259492
2242 0.339847
2243 0.434572
2244 0.543959
2245 0.668269
2246 0.736095
2247 0.187652
2248 0.251316
2249 0.328458
2250 0.419395
2251 0.524408
2252 0.643748
2253 0.708862
2254 0.191755
2255 0.257387
2256 0.336915
2257 0.430665
2258 0.538926
2259 0.661957
2260 0.729085
2261 0.195858
2262 0.263459
2263 0.345373
2264 0.441935
2265 0.553444
2266 0.680165
2267 0.749308
2268 0.190453
2269 0.25546
2270 0.334231
2271 0.427089
2272 0.534319
2273 0.656178
2274 0.722667
2275 0.194642
2276 0.26166
2277 0.342867
2278 0.438596
2279 0.549143
2280 0.674771
2281 0.743316
2282 0.198831
2283 0.26786
2284 0.351503
2285 0.450104
2286 0.563967
2287 0.693364
2288 0.763966
2289 0.19353
2290 0.260014
2291 0.340574
2292 0.43554
2293 0.545206
2294 0.669833
2295 0.737833
2296 0.197814
2297 0.266354
2298 0.349406
2299 0.44731
2300 0.560367
2301 0.688849
2302 0.758951
2303 0.202099
2304 0.272695
2305 0.358238
2306 0.459079
2307 0.575528
2308 0.707864
2309 0.78007
2310 0.182076
2311 0.243062
2312 0.316961
2313 0.404076
2314 0.504674
2315 0.618997
2316 0.681374
2317 0.186006
2318 0.248879
2319 0.325063
2320 0.414872
2321 0.518582
2322 0.63644
2323 0.700746
2324 0.189936
2325 0.254695
2326 0.333165
2327 0.425668
2328 0.532489
2329 0.653883
2330 0.720119
2331 0.18431
2332 0.246368
2333 0.321567
2334 0.410213
2335 0.51258
2336 0.628912
2337 0.692386
2338 0.188309
2339 0.252287
2340 0.329811
2341 0.421199
2342 0.526731
2343 0.646662
2344 0.712098
2345 0.192308
2346 0.258206
2347 0.338055
2348 0.432185
2349 0.540883
2350 0.664412
2351 0.731811
2352 0.186818
2353 0.250081
2354 0.326738
2355 0.417104
2356 0.521456
2357 0.640045
2358 0.70475
2359 0.190895
2360 0.256114
2361 0.335142
2362 0.428303
2363 0.535883
2364 0.658139
2365 0.724846
2366 0.194972
2367 0.262148
2368 0.343546
2369 0.439502
2370 0.550309
2371 0.676234
2372 0.744941
2373 0.189601
2374 0.254199
2375 0.332475
2376 0.424748
2377 0.531304
2378 0.652397
2379 0.718468
2380 0.193764
2381 0.26036
2382 0.341057
2383 0.436184
2384 0.546035
2385 0.670873
2386 0.738987
2387 0.197927
2388 0.266521
2389 0.349638
2390 0.447619
2391 0.560766
2392 0.689349
2393 0.759507
2394 0.192658
2395 0.258724
2396 0.338778
2397 0.433147
2398 0.542123
2399 0.665966
2400 0.733538
2401 0.196916
2402 0.265025
2403 0.347554
2404 0.444842
2405 0.557189
2406 0.684862
2407 0.754524
2408 0.201173
2409 0.271326
2410 0.356331
2411 0.456538
2412 0.572254
2413 0.703758
2414 0.77551
2415 0.181271
2416 0.241872
2417 0.315303
2418 0.401867
2419 0.501828
2420 0.615427
2421 0.677409
2422 0.185177
2423 0.247652
2424 0.323354
2425 0.412595
2426 0.515648
2427 0.63276
2428 0.696659
2429 0.189082
2430 0.253431
2431 0.331405
2432 0.423322
2433 0.529467
2434 0.650093
2435 0.715909
2436 0.183491
2437 0.245157
2438 0.31988
2439 0.407965
2440 0.509683
2441 0.62528
2442 0.688351
2443 0.187465
2444 0.251038
2445 0.328072
2446 0.418881
2447 0.523746
2448 0.642917
2449 0.70794
2450 0.191439
2451 0.25692
2452 0.336264
2453 0.429798
2454 0.537808
2455 0.660555
2456 0.727528
2457 0.185984
2458 0.248846
2459 0.325018
2460 0.414812
2461 0.518504
2462 0.636342
2463 0.700638
2464 0.190035
2465 0.254841
2466 0.333369
2467 0.42594
2468 0.532839
2469 0.654322
2470 0.720606
2471 0.194086
2472 0.260837
2473 0.34172
2474 0.437068
2475 0.547174
2476 0.672302
2477 0.740574
2478 0.188749
2479 0.252939
2480 0.330719
2481 0.422408
2482 0.528289
2483 0.648616
2484 0.714269
2485 0.192886
2486 0.25906
2487 0.339246
2488 0.433771
2489 0.542927
2490 0.666975
2491 0.734658
2492 0.197022
2493 0.265182
2494 0.347773
2495 0.445134
2496 0.557565
2497 0.685334
2498 0.755048
2499 0.191787
2500 0.257435
2501 0.336982
2502 0.430754
2503 0.53904
2504 0.6621
2505 0.729244
2506 0.196018
2507 0.263696
2508 0.345703
2509 0.442375
2510 0.55401
2511 0.680876
2512 0.750097
2513 0.200248
2514 0.269957
2515 0.354424
2516 0.453996
2517 0.568981
2518 0.699652
2519 0.77095
2520 0.180467
2521 0.240682
2522 0.313646
2523 0.399657
2524 0.498982
2525 0.611858
2526 0.673445
2527 0.184347
2528 0.246425
2529 0.321645
2530 0.410317
2531 0.512714
2532 0.62908
2533 0.692572
2534 0.188228
2535 0.252167
2536 0.329644
2537 0.420976
2538 0.526445
2539 0.646302
2540 0.711699
2541 0.182673
2542 0.243946
2543 0.318192
2544 0.405716
2545 0.506787
2546 0.621647
2547 0.684317
2548 0.186621
2549 0.24979
2550 0.326332
2551 0.416563
2552 0.52076
2553 0.639172
2554 0.703781
2555 0.19057
2556 0.255633
2557 0.334472
2558 0.42741
2559 0.534733
2560 0.656697
2561 0.723244
2562 0.185149
2563 0.247611
2564 0.323298
2565 0.41252
2566 0.515552
2567 0.63264
2568 0.696525
2569 0.189175
2570 0.253569
2571 0.331596
2572 0.423577
2573 0.529795
2574 0.650505
2575 0.716366
2576 0.1932
2577 0.259526
2578 0.339894
2579 0.434635
2580 0.544039
2581 0.66837
2582 0.736207
2583 0.187897
2584 0.251678
2585 0.328962
2586 0.420068
2587 0.525275
2588 0.644835
2589 0.710069
2590 0.192007
2591 0.257761
2592 0.337436
2593 0.431359
2594 0.539819
2595 0.663077
2596 0.730329
2597 0.196118
2598 0.263844
2599 0.345909
2600 0.44265
2601 0.554364
2602 0.681319
2603 0.750589
2604 0.190916
2605 0.256145
2606 0.335186
2607 0.42836
2608 0.535957
2609 0.658233
2610 0.724949
2611 0.19512
2612 0.262366
2613 0.343851
2614 0.439908
2615 0.550832
2616 0.676889
2617 0.745669
2618 0.199323
2619 0.268587
2620 0.352517
2621 0.451455
2622 0.565707
2623 0.695546
2624 0.766389
2625 0.155534
2626 0.203783
2627 0.262248
2628 0.331168
2629 0.410755
2630 0.5012
2631 0.550549
2632 0.158644
2633 0.208385
2634 0.268658
2635 0.339709
2636 0.421758
2637 0.515
2638 0.565875
2639 0.161753
2640 0.212987
2641 0.275067
2642 0.34825
2643 0.43276
2644 0.5288
2645 0.581201
2646 0.157302
2647 0.206399
2648 0.265891
2649 0.336023
2650 0.417009
2651 0.509044
2652 0.559261
2653 0.160466
2654 0.211082
2655 0.272414
2656 0.344714
2657 0.428205
2658 0.523087
2659 0.574856
2660 0.16363
2661 0.215764
2662 0.278936
2663 0.353406
2664 0.439401
2665 0.537129
2666 0.590452
2667 0.159286
2668 0.209336
2669 0.269982
2670 0.341474
2671 0.424032
2672 0.517852
2673 0.569043
2674 0.162512
2675 0.214109
2676 0.276631
2677 0.350334
2678 0.435445
2679 0.532167
2680 0.584941
2681 0.165737
2682 0.218883
2683 0.28328
2684 0.359194
2685 0.446858
2686 0.546482
2687 0.600839
2688 0.161488
2689 0.212594
2690 0.274521
2691 0.347522
2692 0.431823
2693 0.527624
2694 0.579895
2695 0.164782
2696 0.217469
2697 0.281311
2698 0.35657
2699 0.443477
2700 0.542241
2701 0.596129
2702 0.168075
2703 0.222343
2704 0.2881
2705 0.365617
2706 0.455131
2707 0.556858
2708 0.612363
2709 0.163907
2710 0.216174
2711 0.279508
2712 0.354167
2713 0.440382
2714 0.53836
2715 0.591818
2716 0.167275
2717 0.221159
2718 0.286451
2719 0.36342
2720 0.452301
2721 0.553309
2722 0.608421
2723 0.170644
2724 0.226144
2725 0.293395
2726 0.372672
2727 0.46422
2728 0.568258
2729 0.625024
2730 0.154906
2731 0.202854
2732 0.260953
2733 0.329442
2734 0.408531
2735 0.498411
2736 0.547452
2737 0.157996
2738 0.207426
2739 0.267322
2740 0.33793
2741 0.419465
2742 0.512125
2743 0.562682
2744 0.161086
2745 0.211999
2746 0.273692
2747 0.346418
2748 0.430399
2749 0.525839
2750 0.577913
2751 0.156662
2752 0.205453
2753 0.264573
2754 0.334266
2755 0.414747
2756 0.506206
2757 0.556109
2758 0.159807
2759 0.210106
2760 0.271055
2761 0.342904
2762 0.425873
2763 0.520161
2764 0.571607
2765 0.162951
2766 0.214759
2767 0.277537
2768 0.351541
2769 0.436999
2770 0.534116
2771 0.587106
2772 0.158635
2773 0.208371
2774 0.268639
2775 0.339684
2776 0.421725
2777 0.514959
2778 0.56583
2779 0.16184
2780 0.213115
2781 0.275246
2782 0.348489
2783 0.433067
2784 0.529185
2785 0.581629
2786 0.165045
2787 0.217858
2788 0.281854
2789 0.357293
2790 0.444409
2791 0.54341
2792 0.597428
2793 0.160823
2794 0.211609
2795 0.273149
2796 0.345694
2797 0.429468
2798 0.52467
2799 0.576615
2800 0.164095
2801 0.216453
2802 0.279896
2803 0.354685
2804 0.441049
2805 0.539196
2806 0.592747
2807 0.167368
2808 0.221297
2809 0.286643
2810 0.363675
2811 0.452631
2812 0.553722
2813 0.60888
2814 0.163226
2815 0.215167
2816 0.278104
2817 0.352297
2818 0.437974
2819 0.535339
2820 0.588463
2821 0.166574
2822 0.22012
2823 0.285005
2824 0.361492
2825 0.449818
2826 0.550194
2827 0.604962
2828 0.169921
2829 0.225074
2830 0.291905
2831 0.370687
2832 0.461663
2833 0.56505
2834 0.621461
2835 0.154278
2836 0.201924
2837 0.259657
2838 0.327716
2839 0.406308
2840 0.495623
2841 0.544355
2842 0.157348
2843 0.206468
2844 0.265987
2845 0.33615
2846 0.417173
2847 0.50925
2848 0.559489
2849 0.160419
2850 0.211012
2851 0.272317
2852 0.344585
2853 0.428038
2854 0.522878
2855 0.574624
2856 0.156023
2857 0.204507
2858 0.263255
2859 0.33251
2860 0.412484
2861 0.503369
2862 0.552957
2863 0.159148
2864 0.209131
2865 0.269696
2866 0.341093
2867 0.42354
2868 0.517236
2869 0.568358
2870 0.162272
2871 0.213754
2872 0.276137
2873 0.349676
2874 0.434596
2875 0.531103
2876 0.583759
2877 0.157983
2878 0.207407
2879 0.267295
2880 0.337893
2881 0.419419
2882 0.512067
2883 0.562617
2884 0.161168
2885 0.212121
2886 0.273861
2887 0.346643
2888 0.43069
2889 0.526203
2890 0.578317
2891 0.164353
2892 0.216834
2893 0.280427
2894 0.355392
2895 0.44196
2896 0.540339
2897 0.594016
2898 0.160157
2899 0.210625
2900 0.271777
2901 0.343866
2902 0.427112
2903 0.521716
2904 0.573334
2905 0.163409
2906 0.215438
2907 0.278482
2908 0.3528
2909 0.438621
2910 0.536151
2911 0.589365
2912 0.166662
2913 0.220251
2914 0.285186
2915 0.361734
2916 0.45013
2917 0.550585
2918 0.605396
2919 0.162546
2920 0.21416
2921 0.276701
2922 0.350427
2923 0.435565
2924 0.532318
2925 0.585108
2926 0.165872
2927 0.219082
2928 0.283558
2929 0.359564
2930 0.447335
2931 0.54708
2932 0.601503
2933 0.169198
2934 0.224004
2935 0.290415
2936 0.368701
2937 0.459105
2938 0.561842
2939 0.617898
2940 0.153649
2941 0.200994
2942 0.258362
2943 0.32599
2944 0.404085
2945 0.492834
2946 0.541257
2947 0.1567
2948 0.205509
2949 0.264652
2950 0.334371
2951 0.414881
2952 0.506375
2953 0.556296
2954 0.159751
2955 0.210024
2956 0.270941
2957 0.342752
2958 0.425677
2959 0.519916
2960 0.571335
2961 0.155384
2962 0.20356
2963 0.261937
2964 0.330754
2965 0.410221
2966 0.500531
2967 0.549806
2968 0.158488
2969 0.208155
2970 0.268337
2971 0.339282
2972 0.421208
2973 0.51431
2974 0.565109
2975 0.161593
2976 0.21275
2977 0.274737
2978 0.347811
2979 0.432194
2980 0.528089
2981 0.580412
2982 0.157331
2983 0.206442
2984 0.265952
2985 0.336103
2986 0.417112
2987 0.509174
2988 0.559405
2989 0.160496
2990 0.211126
2991 0.272476
2992 0.344797
2993 0.428312
2994 0.52322
2995 0.575005
2996 0.163661
2997 0.21581
2998 0.279
2999 0.353491
3000 0.439511
3001 0.537267
3002 0.590605
3003 0.159491
3004 0.20964
3005 0.270405
3006 0.342038
3007 0.424757
3008 0.518762
3009 0.570054
3010 0.162723
3011 0.214422
3012 0.277067
3013 0.350915
3014 0.436193
3015 0.533105
3016 0.585983
3017 0.165955
3018 0.219205
3019 0.283729
3020 0.359793
3021 0.447629
3022 0.547449
3023 0.601913
3024 0.161865
3025 0.213152
3026 0.275298
3027 0.348558
3028 0.433156
3029 0.529297
3030 0.581753
3031 0.16517
3032 0.218043
3033 0.282111
3034 0.357637
3035 0.444852
3036 0.543966
3037 0.598044
3038 0.168475
3039 0.222935
3040 0.288925
3041 0.366716
3042 0.456547
3043 0.558634
3044 0.614336
3045 0.153021
3046 0.200064
3047 0.257067
3048 0.324264
3049 0.401861
3050 0.490045
3051 0.53816
3052 0.156053
3053 0.20455
3054 0.263316
3055 0.332591
3056 0.412589
3057 0.5035
3058 0.553103
3059 0.159084
3060 0.209037
3061 0.269566
3062 0.340919
3063 0.423316
3064 0.516955
3065 0.568046
3066 0.154744
3067 0.202614
3068 0.260619
3069 0.328997
3070 0.407959
3071 0.497693
3072 0.546654
3073 0.157829
3074 0.20718
3075 0.266978
3076 0.337471
3077 0.418875
3078 0.511385
3079 0.56186
3080 0.160914
3081 0.211745
3082 0.273338
3083 0.345946
3084 0.429791
3085 0.525076
3086 0.577066
3087 0.156679
3088 0.205478
3089 0.264608
3090 0.334313
3091 0.414806
3092 0.506281
3093 0.556192
3094 0.159824
3095 0.210132
3096 0.271091
3097 0.342951
3098 0.425934
3099 0.520238
3100 0.571693
3101 0.162969
3102 0.214786
3103 0.277573
3104 0.35159
3105 0.437062
3106 0.534195
3107 0.587193
3108 0.158826
3109 0.208655
3110 0.269033
3111 0.340209
3112 0.422402
3113 0.515808
3114 0.566773
3115 0.162037
3116 0.213407
3117 0.275653
3118 0.34903
3119 0.433765
3120 0.53006
3121 0.582601
3122 0.165248
3123 0.218159
3124 0.282272
3125 0.357851
3126 0.445128
3127 0.544312
3128 0.598429
3129 0.161184
3130 0.212145
3131 0.273895
3132 0.346688
3133 0.430748
3134 0.526276
3135 0.578398
3136 0.164468
3137 0.217005
3138 0.280665
3139 0.355709
3140 0.442369
3141 0.540851
3142 0.594585
3143 0.167752
3144 0.221865
3145 0.287435
3146 0.36473
3147 0.45399
3148 0.555427
3149 0.610773
3150 0.14347
3151 0.185929
3152 0.237378
3153 0.298028
3154 0.368064
3155 0.447656
3156 0.491083
3157 0.146207
3158 0.189979
3159 0.243019
3160 0.305544
3161 0.377747
3162 0.4598
3163 0.50457
3164 0.148943
3165 0.194028
3166 0.248659
3167 0.31306
3168 0.387429
3169 0.471944
3170 0.518057
3171 0.145026
3172 0.188231
3173 0.240584
3174 0.3023
3175 0.373568
3176 0.454559
3177 0.498749
3178 0.14781
3179 0.192352
3180 0.246324
3181 0.309949
3182 0.383421
3183 0.466916
3184 0.512474
3185 0.150594
3186 0.196472
3187 0.252064
3188 0.317597
3189 0.393273
3190 0.479274
3191 0.526198
3192 0.146772
3193 0.190816
3194 0.244185
3195 0.307097
3196 0.379748
3197 0.46231
3198 0.507358
3199 0.14961
3200 0.195016
3201 0.250036
3202 0.314894
3203 0.389792
3204 0.474907
3205 0.521348
3206 0.152449
3207 0.199217
3208 0.255887
3209 0.322691
3210 0.399835
3211 0.487504
3212 0.535339
3213 0.14871
3214 0.193683
3215 0.248179
3216 0.31242
3217 0.386604
3218 0.470909
3219 0.516908
3220 0.151608
3221 0.197972
3222 0.254153
3223 0.320381
3224 0.39686
3225 0.483772
3226 0.531194
3227 0.154506
3228 0.202261
3229 0.260128
3230 0.328343
3231 0.407116
3232 0.496635
3233 0.54548
3234 0.150838
3235 0.196833
3236 0.252567
3237 0.318267
3238 0.394136
3239 0.480356
3240 0.5274
3241 0.153802
3242 0.20122
3243 0.258677
3244 0.326409
3245 0.404625
3246 0.493512
3247 0.54201
3248 0.156766
3249 0.205606
3250 0.264787
3251 0.334552
3252 0.415114
3253 0.506667
3254 0.556621
3255 0.142917
3256 0.185111
3257 0.236238
3258 0.296509
3259 0.366108
3260 0.445202
3261 0.488358
3262 0.145637
3263 0.189135
3264 0.241844
3265 0.303978
3266 0.37573
3267 0.45727
3268 0.50176
3269 0.148356
3270 0.193159
3271 0.247449
3272 0.311447
3273 0.385351
3274 0.469338
3275 0.515163
3276 0.144463
3277 0.187399
3278 0.239425
3279 0.300754
3280 0.371577
3281 0.452062
3282 0.495976
3283 0.14723
3284 0.191493
3285 0.245128
3286 0.308355
3287 0.381368
3288 0.464342
3289 0.509614
3290 0.149997
3291 0.195588
3292 0.250832
3293 0.315956
3294 0.391159
3295 0.476622
3296 0.523253
3297 0.146198
3298 0.189967
3299 0.243002
3300 0.305522
3301 0.377718
3302 0.459764
3303 0.50453
3304 0.149019
3305 0.194141
3306 0.248817
3307 0.31327
3308 0.387699
3309 0.472283
3310 0.518433
3311 0.15184
3312 0.198315
3313 0.254631
3314 0.321018
3315 0.39768
3316 0.484801
3317 0.532336
3318 0.148124
3319 0.192816
3320 0.246971
3321 0.310811
3322 0.384532
3323 0.46831
3324 0.514021
3325 0.151004
3326 0.197079
3327 0.252909
3328 0.318723
3329 0.394723
3330 0.481092
3331 0.528218
3332 0.153884
3333 0.201341
3334 0.258846
3335 0.326634
3336 0.404915
3337 0.493875
3338 0.542414
3339 0.150239
3340 0.195947
3341 0.251332
3342 0.316622
3343 0.392017
3344 0.477698
3345 0.524448
3346 0.153185
3347 0.200306
3348 0.257404
3349 0.324713
3350 0.40244
3351 0.490771
3352 0.538967
3353 0.15613
3354 0.204665
3355 0.263476
3356 0.332804
3357 0.412863
3358 0.503844
3359 0.553486
3360 0.142364
3361 0.184293
3362 0.235099
3363 0.29499
3364 0.364151
3365 0.442748
3366 0.485632
3367 0.145066
3368 0.188292
3369 0.240669
3370 0.302412
3371 0.373712
3372 0.45474
3373 0.498951
3374 0.147768
3375 0.19229
3376 0.246239
3377 0.309835
3378 0.383274
3379 0.466732
3380 0.512269
3381 0.1439
3382 0.186566
3383 0.238265
3384 0.299209
3385 0.369586
3386 0.449564
3387 0.493203
3388 0.14665
3389 0.190635
3390 0.243933
3391 0.306762
3392 0.379315
3393 0.461767
3394 0.506755
3395 0.149399
3396 0.194704
3397 0.249601
3398 0.314315
3399 0.389045
3400 0.47397
3401 0.520308
3402 0.145625
3403 0.189118
3404 0.24182
3405 0.303946
3406 0.375689
3407 0.457219
3408 0.501703
3409 0.148428
3410 0.193266
3411 0.247598
3412 0.311646
3413 0.385607
3414 0.469658
3415 0.515519
3416 0.151231
3417 0.197414
3418 0.253376
3419 0.319345
3420 0.395525
3421 0.482098
3422 0.529334
3423 0.147538
3424 0.19195
3425 0.245764
3426 0.309202
3427 0.382459
3428 0.46571
3429 0.511134
3430 0.1504
3431 0.196185
3432 0.251664
3433 0.317064
3434 0.392587
3435 0.478413
3436 0.525241
3437 0.153262
3438 0.200421
3439 0.257564
3440 0.324926
3441 0.402714
3442 0.491115
3443 0.539349
3444 0.14964
3445 0.19506
3446 0.250097
3447 0.314976
3448 0.389897
3449 0.475039
3450 0.521495
3451 0.152567
3452 0.199392
3453 0.256131
3454 0.323017
3455 0.400255
3456 0.48803
3457 0.535923
3458 0.155494
3459 0.203724
3460 0.262165
3461 0.331057
3462 0.410612
3463 0.501021
3464 0.55035
3465 0.141812
3466 0.183475
3467 0.233959
3468 0.293471
3469 0.362194
3470 0.440294
3471 0.482907
3472 0.144496
3473 0.187448
3474 0.239493
3475 0.300846
3476 0.371695
3477 0.45221
3478 0.496141
3479 0.147181
3480 0.191421
3481 0.245028
3482 0.308222
3483 0.381196
3484 0.464126
3485 0.509375
3486 0.143338
3487 0.185733
3488 0.237105
3489 0.297663
3490 0.367595
3491 0.447067
3492 0.490429
3493 0.14607
3494 0.189776
3495 0.242737
3496 0.305168
3497 0.377263
3498 0.459193
3499 0.503896
3500 0.148802
3501 0.19382
3502 0.248369
3503 0.312673
3504 0.386931
3505 0.471319
3506 0.517363
3507 0.145051
3508 0.188269
3509 0.240637
3510 0.302371
3511 0.373659
3512 0.454673
3513 0.498876
3514 0.147836
3515 0.192391
3516 0.246379
3517 0.310021
3518 0.383514
3519 0.467034
3520 0.512604
3521 0.150622
3522 0.196513
3523 0.25212
3524 0.317672
3525 0.39337
3526 0.479395
3527 0.526332
3528 0.146953
3529 0.191083
3530 0.244557
3531 0.307593
3532 0.380386
3533 0.463111
3534 0.508247
3535 0.149796
3536 0.195292
3537 0.250419
3538 0.315405
3539 0.39045
3540 0.475733
3541 0.522265
3542 0.15264
3543 0.1995
3544 0.256282
3545 0.323217
3546 0.400513
3547 0.488355
3548 0.536283
3549 0.149041
3550 0.194174
3551 0.248862
3552 0.313331
3553 0.387778
3554 0.472381
3555 0.518543
3556 0.15195
3557 0.198478
3558 0.254858
3559 0.32132
3560 0.39807
3561 0.48529
3562 0.532879
3563 0.154858
3564 0.202783
3565 0.260854
3566 0.32931
3567 0.408362
3568 0.498198
3569 0.547215
3570 0.141259
3571 0.182656
3572 0.232819
3573 0.291952
3574 0.360238
3575 0.43784
3576 0.480181
3577 0.143926
3578 0.186604
3579 0.238318
3580 0.29928
3581 0.369678
3582 0.44968
3583 0.493331
3584 0.146594
3585 0.190553
3586 0.243818
3587 0.306609
3588 0.379118
3589 0.46152
3590 0.506481
3591 0.142775
3592 0.1849
3593 0.235945
3594 0.296118
3595 0.365604
3596 0.44457
3597 0.487656
3598 0.14549
3599 0.188918
3600 0.241541
3601 0.303575
3602 0.37521
3603 0.456618
3604 0.501037
3605 0.148204
3606 0.192936
3607 0.247137
3608 0.311032
3609 0.384816
3610 0.468667
3611 0.514418
3612 0.144478
3613 0.18742
3614 0.239455
3615 0.300795
3616 0.371629
3617 0.452127
3618 0.496049
3619 0.147245
3620 0.191516
3621 0.24516
3622 0.308397
3623 0.381422
3624 0.464409
3625 0.509689
3626 0.150012
3627 0.195611
3628 0.250865
3629 0.315999
3630 0.391215
3631 0.476692
3632 0.52333
3633 0.146367
3634 0.190216
3635 0.243349
3636 0.305984
3637 0.378314
3638 0.460511
3639 0.50536
3640 0.149193
3641 0.194398
3642 0.249174
3643 0.313747
3644 0.388313
3645 0.473053
3646 0.519289
3647 0.152018
3648 0.19858
3649 0.255
3650 0.321509
3651 0.398313
3652 0.485595
3653 0.533218
3654 0.148442
3655 0.193287
3656 0.247628
3657 0.311685
3658 0.385658
3659 0.469722
3660 0.51559
3661 0.151332
3662 0.197564
3663 0.253585
3664 0.319624
3665 0.395884
3666 0.482549
3667 0.529835
3668 0.154222
3669 0.201841
3670 0.259543
3671 0.327563
3672 0.406111
3673 0.495375
3674 0.54408
3675 0.131406
3676 0.168075
3677 0.212508
3678 0.264888
3679 0.325374
3680 0.394112
3681 0.431617
3682 0.133769
3683 0.171573
3684 0.21738
3685 0.271379
3686 0.333736
3687 0.4046
3688 0.443265
3689 0.136132
3690 0.17507
3691 0.222251
3692 0.27787
3693 0.342098
3694 0.415088
3695 0.454913
3696 0.132749
3697 0.170063
3698 0.215277
3699 0.268577
3700 0.330127
3701 0.400074
3702 0.438238
3703 0.135154
3704 0.173622
3705 0.220235
3706 0.275183
3707 0.338636
3708 0.410746
3709 0.450091
3710 0.137559
3711 0.177181
3712 0.225192
3713 0.281788
3714 0.347145
3715 0.421418
3716 0.461944
3717 0.134258
3718 0.172295
3719 0.218387
3720 0.272721
3721 0.335464
3722 0.406768
3723 0.445673
3724 0.136709
3725 0.175923
3726 0.22344
3727 0.279454
3728 0.344138
3729 0.417647
3730 0.457755
3731 0.13916
3732 0.179551
3733 0.228493
3734 0.286188
3735 0.352812
3736 0.428526
3737 0.469838
3738 0.135931
3739 0.174772
3740 0.221836
3741 0.277317
3742 0.341385
3743 0.414194
3744 0.45392
3745 0.138434
3746 0.178476
3747 0.226996
3748 0.284193
3749 0.350243
3750 0.425303
3751 0.466258
3752 0.140937
3753 0.18218
3754 0.232156
3755 0.291069
3756 0.3591
3757 0.436412
3758 0.478596
3759 0.137769
3760 0.177492
3761 0.225626
3762 0.282367
3763 0.34789
3764 0.422353
3765 0.462982
3766 0.140329
3767 0.181281
3768 0.230903
3769 0.289399
3770 0.356949
3771 0.433715
3772 0.4756
3773 0.142889
3774 0.185069
3775 0.23618
3776 0.296431
3777 0.366007
3778 0.445076
3779 0.488218
3780 0.130929
3781 0.167369
3782 0.211524
3783 0.263576
3784 0.323684
3785 0.391993
3786 0.429263
3787 0.133277
3788 0.170844
3789 0.216365
3790 0.270027
3791 0.331994
3792 0.402415
3793 0.440838
3794 0.135625
3795 0.174319
3796 0.221206
3797 0.276477
3798 0.340304
3799 0.412837
3800 0.452414
3801 0.132263
3802 0.169344
3803 0.214276
3804 0.267242
3805 0.328407
3806 0.397917
3807 0.435843
3808 0.134653
3809 0.172881
3810 0.219202
3811 0.273807
3812 0.336863
3813 0.408523
3814 0.447622
3815 0.137043
3816 0.176417
3817 0.224128
3818 0.280371
3819 0.345319
3820 0.419128
3821 0.4594
3822 0.133762
3823 0.171562
3824 0.217366
3825 0.27136
3826 0.333711
3827 0.404569
3828 0.443231
3829 0.136198
3830 0.175167
3831 0.222387
3832 0.278051
3833 0.342331
3834 0.415381
3835 0.455238
3836 0.138634
3837 0.178772
3838 0.227409
3839 0.284743
3840 0.350951
3841 0.426192
3842 0.467245
3843 0.135425
3844 0.174023
3845 0.220793
3846 0.275928
3847 0.339595
3848 0.411949
3849 0.451427
3850 0.137913
3851 0.177704
3852 0.225921
3853 0.28276
3854 0.348397
3855 0.422989
3856 0.463688
3857 0.1404
3858 0.181385
3859 0.231049
3860 0.289593
3861 0.357199
3862 0.434029
3863 0.475948
3864 0.137252
3865 0.176727
3866 0.224559
3867 0.280946
3868 0.34606
3869 0.420057
3870 0.460432
3871 0.139796
3872 0.180492
3873 0.229803
3874 0.287934
3875 0.355062
3876 0.431348
3877 0.472971
3878 0.14234
3879 0.184256
3880 0.235048
3881 0.294922
3882 0.364064
3883 0.442638
3884 0.48551
3885 0.130451
3886 0.166662
3887 0.21054
3888 0.262264
3889 0.321994
3890 0.389873
3891 0.426909
3892 0.132785
3893 0.170115
3894 0.21535
3895 0.268674
3896 0.330252
3897 0.40023
3898 0.438412
3899 0.135118
3900 0.173569
3901 0.220161
3902 0.275084
3903 0.338509
3904 0.410587
3905 0.449914
3906 0.131778
3907 0.168625
3908 0.213274
3909 0.265908
3910 0.326688
3911 0.39576
3912 0.433448
3913 0.134152
3914 0.172139
3915 0.218169
3916 0.272431
3917 0.335091
3918 0.406299
3919 0.445152
3920 0.136527
3921 0.175653
3922 0.223064
3923 0.278953
3924 0.343493
3925 0.416838
3926 0.456857
3927 0.133267
3928 0.170829
3929 0.216344
3930 0.269999
3931 0.331958
3932 0.402371
3933 0.440789
3934 0.135688
3935 0.174412
3936 0.221334
3937 0.276648
3938 0.340524
3939 0.413114
3940 0.452721
3941 0.138108
3942 0.177994
3943 0.226324
3944 0.283298
3945 0.34909
3946 0.423857
3947 0.464652
3948 0.134919
3949 0.173275
3950 0.219751
3951 0.274538
3952 0.337805
3953 0.409704
3954 0.448934
3955 0.137391
3956 0.176933
3957 0.224846
3958 0.281328
3959 0.346552
3960 0.420675
3961 0.461117
3962 0.139863
3963 0.180591
3964 0.229941
3965 0.288118
3966 0.355299
3967 0.431645
3968 0.473301
3969 0.136735
3970 0.175961
3971 0.223493
3972 0.279525
3973 0.344229
3974 0.417761
3975 0.457882
3976 0.139263
3977 0.179702
3978 0.228704
3979 0.286469
3980 0.353175
3981 0.428981
3982 0.470342
3983 0.14179
3984 0.183443
3985 0.233915
3986 0.293413
3987 0.36212
3988 0.4402
3989 0.482803
3990 0.129974
3991 0.165955
3992 0.209555
3993 0.260952
3994 0.320304
3995 0.387754
3996 0.424556
3997 0.132292
3998 0.169387
3999 0.214335
4000 0.267322
4001 0.32851
4002 0.398045
4003 0.435985
4004 0.134611
4005 0.172819
4006 0.219115
4007 0.273691
4008 0.336715
4009 0.408336
4010 0.447415
4011 0.131292
4012 0.167906
4013 0.212272
4014 0.264573
4015 0.324968
4016 0.393603
4017 0.431052
4018 0.133651
4019 0.171398
4020 0.217136
4021 0.271054
4022 0.333318
4023 0.404076
4024 0.442683
4025 0.136011
4026 0.17489
4027 0.222
4028 0.277536
4029 0.341667
4030 0.414548
4031 0.454313
4032 0.132772
4033 0.170096
4034 0.215323
4035 0.268638
4036 0.330205
4037 0.400172
4038 0.438347
4039 0.135177
4040 0.173656
4041 0.220282
4042 0.275246
4043 0.338717
4044 0.410847
4045 0.450204
4046 0.137582
4047 0.177215
4048 0.22524
4049 0.281853
4050 0.347228
4051 0.421523
4052 0.46206
4053 0.134414
4054 0.172526
4055 0.218708
4056 0.273149
4057 0.336016
4058 0.407459
4059 0.446441
4060 0.13687
4061 0.176161
4062 0.223771
4063 0.279895
4064 0.344707
4065 0.41836
4066 0.458547
4067 0.139326
4068 0.179796
4069 0.228834
4070 0.286642
4071 0.353398
4072 0.429261
4073 0.470654
4074 0.136217
4075 0.175196
4076 0.222427
4077 0.278104
4078 0.342399
4079 0.415465
4080 0.455332
4081 0.138729
4082 0.178913
4083 0.227605
4084 0.285004
4085 0.351287
4086 0.426614
4087 0.467714
4088 0.141241
4089 0.18263
4090 0.232783
4091 0.291904
4092 0.360176
4093 0.437762
4094 0.480095
4095 0.129496
4096 0.165249
4097 0.208571
4098 0.25964
4099 0.318614
4100 0.385634
4101 0.422202
4102 0.1318
4103 0.168658
4104 0.21332
4105 0.265969
4106 0.326767
4107 0.39586
4108 0.433559
4109 0.134104
4110 0.172068
4111 0.21807
4112 0.272299
4113 0.33492
4114 0.406086
4115 0.444915
4116 0.130806
4117 0.167187
4118 0.211271
4119 0.263238
4120 0.323249
4121 0.391447
4122 0.428657
4123 0.13315
4124 0.170656
4125 0.216104
4126 0.269678
4127 0.331545
4128 0.401852
4129 0.440214
4130 0.135495
4131 0.174126
4132 0.220937
4133 0.276119
4134 0.339841
4135 0.412258
4136 0.45177
4137 0.132276
4138 0.169363
4139 0.214302
4140 0.267278
4141 0.328453
4142 0.397973
4143 0.435906
4144 0.134666
4145 0.1729
4146 0.219229
4147 0.273843
4148 0.33691
4149 0.408581
4150 0.447686
4151 0.137056
4152 0.176437
4153 0.224156
4154 0.280408
4155 0.345367
4156 0.419188
4157 0.459467
4158 0.133908
4159 0.171777
4160 0.217665
4161 0.271759
4162 0.334226
4163 0.405214
4164 0.443947
4165 0.136348
4166 0.175389
4167 0.222696
4168 0.278463
4169 0.342862
4170 0.416046
4171 0.455977
4172 0.138789
4173 0.179001
4174 0.227727
4175 0.285167
4176 0.351497
4177 0.426877
4178 0.468006
4179 0.1357
4180 0.17443
4181 0.22136
4182 0.276683
4183 0.340568
4184 0.413169
4185 0.452782
4186 0.138196
4187 0.178124
4188 0.226505
4189 0.283539
4190 0.3494
4191 0.424247
4192 0.465085
4193 0.140692
4194 0.181817
4195 0.23165
4196 0.290395
4197 0.358232
4198 0.435324
4199 0.477387
4200 0.280197
4201 0.388275
4202 0.519236
4203 0.673616
4204 0.851891
4205 1.054488
4206 1.16503
4207 0.287162
4208 0.398583
4209 0.533593
4210 0.692748
4211 0.876537
4212 1.0854
4213 1.19936
4214 0.294127
4215 0.40889
4216 0.547951
4217 0.711881
4218 0.901183
4219 1.116312
4220 1.233691
4221 0.284156
4222 0.394134
4223 0.527397
4224 0.684491
4225 0.8659
4226 1.072059
4227 1.184544
4228 0.291244
4229 0.404623
4230 0.542007
4231 0.70396
4232 0.89098
4233 1.103514
4234 1.219478
4235 0.298331
4236 0.415111
4237 0.556617
4238 0.723429
4239 0.916059
4240 1.13497
4241 1.254413
4242 0.288602
4243 0.400713
4244 0.536561
4245 0.696703
4246 0.881631
4247 1.091789
4248 1.206456
4249 0.295826
4250 0.411405
4251 0.551454
4252 0.716549
4253 0.907197
4254 1.123855
4255 1.242068
4256 0.303051
4257 0.422097
4258 0.566348
4259 0.736396
4260 0.932763
4261 1.15592
4262 1.27768
4263 0.293533
4264 0.408012
4265 0.546728
4266 0.71025
4267 0.899083
4268 1.113678
4269 1.230766
4270 0.300911
4271 0.418929
4272 0.561936
4273 0.730516
4274 0.925189
4275 1.14642
4276 1.267129
4277 0.308288
4278 0.429847
4279 0.577144
4280 0.750781
4281 0.951294
4282 1.179163
4283 1.303493
4284 0.298952
4285 0.41603
4286 0.557897
4287 0.725134
4288 0.918256
4289 1.137725
4290 1.257473
4291 0.306497
4292 0.427196
4293 0.573451
4294 0.74586
4295 0.944955
4296 1.171212
4297 1.294663
4298 0.314041
4299 0.438362
4300 0.589004
4301 0.766586
4302 0.971653
4303 1.204698
4304 1.331853
4305 0.27879
4306 0.386192
4307 0.516334
4308 0.66975
4309 0.846911
4310 1.048241
4311 1.158092
4312 0.285711
4313 0.396435
4314 0.530602
4315 0.688762
4316 0.871403
4317 1.07896
4318 1.192208
4319 0.292632
4320 0.406678
4321 0.54487
4322 0.707775
4323 0.895895
4324 1.109679
4325 1.226324
4326 0.282724
4327 0.392014
4328 0.524444
4329 0.680557
4330 0.860832
4331 1.065702
4332 1.177484
4333 0.289767
4334 0.402438
4335 0.538963
4336 0.699904
4337 0.885755
4338 1.096961
4339 1.2122
4340 0.29681
4341 0.412861
4342 0.553482
4343 0.719251
4344 0.910678
4345 1.12822
4346 1.246916
4347 0.287142
4348 0.398552
4349 0.533551
4350 0.692692
4351 0.876465
4352 1.085309
4353 1.199259
4354 0.294321
4355 0.409177
4356 0.548352
4357 0.712414
4358 0.901871
4359 1.117174
4360 1.234649
4361 0.301501
4362 0.419803
4363 0.563152
4364 0.732137
4365 0.927277
4366 1.149039
4367 1.270038
4368 0.292043
4369 0.405805
4370 0.543654
4371 0.706155
4372 0.893807
4373 1.107061
4374 1.223417
4375 0.299374
4376 0.416655
4377 0.558767
4378 0.726294
4379 0.91975
4380 1.139599
4381 1.259554
4382 0.306705
4383 0.427505
4384 0.57388
4385 0.746433
4386 0.945692
4387 1.172137
4388 1.29569
4389 0.297427
4390 0.413774
4391 0.554754
4392 0.720946
4393 0.912861
4394 1.130958
4395 1.249957
4396 0.304925
4397 0.42487
4398 0.57021
4399 0.741542
4400 0.939393
4401 1.164235
4402 1.286915
4403 0.312422
4404 0.435966
4405 0.585667
4406 0.762138
4407 0.965924
4408 1.197512
4409 1.323872
4410 0.277382
4411 0.384109
4412 0.513433
4413 0.665883
4414 0.84193
4415 1.041994
4416 1.151154
4417 0.28426
4418 0.394288
4419 0.527611
4420 0.684776
4421 0.866268
4422 1.07252
4423 1.185056
4424 0.291138
4425 0.404466
4426 0.541789
4427 0.70367
4428 0.890606
4429 1.103046
4430 1.218958
4431 0.281292
4432 0.389895
4433 0.521492
4434 0.676622
4435 0.855764
4436 1.059346
4437 1.170425
4438 0.28829
4439 0.400252
4440 0.535919
4441 0.695848
4442 0.88053
4443 1.090408
4444 1.204922
4445 0.295289
4446 0.41061
4447 0.550347
4448 0.715073
4449 0.905296
4450 1.12147
4451 1.23942
4452 0.285682
4453 0.396391
4454 0.530541
4455 0.688681
4456 0.871298
4457 1.078829
4458 1.192063
4459 0.292816
4460 0.40695
4461 0.545249
4462 0.70828
4463 0.896545
4464 1.110494
4465 1.22723
4466 0.299951
4467 0.417508
4468 0.559956
4469 0.727878
4470 0.921791
4471 1.142159
4472 1.262397
4473 0.290552
4474 0.403599
4475 0.540581
4476 0.70206
4477 0.888532
4478 1.100444
4479 1.216069
4480 0.297837
4481 0.41438
4482 0.555599
4483 0.722072
4484 0.914311
4485 1.132778
4486 1.251978
4487 0.305122
4488 0.425162
4489 0.570617
4490 0.742084
4491 0.940091
4492 1.165111
4493 1.287887
4494 0.295902
4495 0.411517
4496 0.551611
4497 0.716758
4498 0.907465
4499 1.124191
4500 1.242442
4501 0.303353
4502 0.422544
4503 0.56697
4504 0.737224
4505 0.93383
4506 1.157259
4507 1.279167
4508 0.310803
4509 0.43357
4510 0.582329
4511 0.757691
4512 0.960195
4513 1.190327
4514 1.315892
4515 0.275975
4516 0.382026
4517 0.510531
4518 0.662017
4519 0.836949
4520 1.035748
4521 1.144217
4522 0.282809
4523 0.39214
4524 0.52462
4525 0.680791
4526 0.861133
4527 1.06608
4528 1.177904
4529 0.289643
4530 0.402255
4531 0.538708
4532 0.699564
4533 0.885317
4534 1.096412
4535 1.211591
4536 0.27986
4537 0.387775
4538 0.518539
4539 0.672688
4540 0.850696
4541 1.052989
4542 1.163365
4543 0.286814
4544 0.398067
4545 0.532876
4546 0.691792
4547 0.875305
4548 1.083855
4549 1.197644
4550 0.293768
4551 0.408359
4552 0.547212
4553 0.710896
4554 0.899914
4555 1.11472
4556 1.231924
4557 0.284222
4558 0.394231
4559 0.527532
4560 0.684671
4561 0.866132
4562 1.072349
4563 1.184866
4564 0.291311
4565 0.404722
4566 0.542146
4567 0.704145
4568 0.891218
4569 1.103814
4570 1.21981
4571 0.2984
4572 0.415214
4573 0.55676
4574 0.723619
4575 0.916305
4576 1.135278
4577 1.254755
4578 0.289061
4579 0.401393
4580 0.537508
4581 0.697964
4582 0.883256
4583 1.093827
4584 1.20872
4585 0.2963
4586 0.412106
4587 0.552431
4588 0.71785
4589 0.908873
4590 1.125956
4591 1.244402
4592 0.303539
4593 0.422819
4594 0.567353
4595 0.737735
4596 0.934489
4597 1.158085
4598 1.280084
4599 0.294378
4600 0.409261
4601 0.548468
4602 0.712569
4603 0.90207
4604 1.117424
4605 1.234927
4606 0.301781
4607 0.420217
4608 0.56373
4609 0.732906
4610 0.928268
4611 1.150283
4612 1.271419
4613 0.309184
4614 0.431174
4615 0.578992
4616 0.753244
4617 0.954466
4618 1.183141
4619 1.307912
4620 0.274567
4621 0.379943
4622 0.50763
4623 0.65815
4624 0.831969
4625 1.029501
4626 1.137279
4627 0.281358
4628 0.389993
4629 0.521628
4630 0.676805
4631 0.855999
4632 1.05964
4633 1.170751
4634 0.288149
4635 0.400043
4636 0.535627
4637 0.695459
4638 0.880029
4639 1.089779
4640 1.204224
4641 0.278427
4642 0.385656
4643 0.515587
4644 0.668754
4645 0.845628
4646 1.046633
4647 1.156305
4648 0.285337
4649 0.395882
4650 0.529832
4651 0.687736
4652 0.87008
4653 1.077302
4654 1.190366
4655 0.292248
4656 0.406109
4657 0.544077
4658 0.706718
4659 0.894533
4660 1.107971
4661 1.224427
4662 0.282762
4663 0.39207
4664 0.524522
4665 0.68066
4666 0.860965
4667 1.065869
4668 1.17767
4669 0.289806
4670 0.402495
4671 0.539043
4672 0.70001
4673 0.885892
4674 1.097133
4675 1.212391
4676 0.29685
4677 0.41292
4678 0.553564
4679 0.719361
4680 0.910819
4681 1.128397
4682 1.247113
4683 0.28757
4684 0.399186
4685 0.534434
4686 0.693869
4687 0.877981
4688 1.087211
4689 1.201371
4690 0.294763
4691 0.409831
4692 0.549262
4693 0.713628
4694 0.903434
4695 1.119135
4696 1.236826
4697 0.301956
4698 0.420476
4699 0.56409
4700 0.733387
4701 0.928887
4702 1.151059
4703 1.272281
4704 0.292853
4705 0.407004
4706 0.545325
4707 0.708381
4708 0.896675
4709 1.110657
4710 1.227411
4711 0.300209
4712 0.417891
4713 0.560489
4714 0.728588
4715 0.922706
4716 1.143306
4717 1.263671
4718 0.307565
4719 0.428778
4720 0.575654
4721 0.748796
4722 0.948737
4723 1.175956
4724 1.299931
