# Table format: 1D
# Input signal 1 of FADEC_FLOW_Demand_5D.txt: FlightStage vs time
# axis1_unit = s
0 1
0.5 1
1 1
1.5 1
2 1
2.5 1
3 1
3.5 1
4 1
4.5 1
5 1
5.5 1
6 1
6.5 1
7 1
7.5 1
8 1
8.5 1
9 1
9.5 1
10 1
10.5 1
11 1
11.5 1
12 1
12.5 1
13 1
13.5 1
14 1
14.5 1
15 1
15.5 1
16 1
16.5 1
17 1
17.5 1
18 1
18.5 1
19 1
19.5 1
20 1
20.5 1
21 1
21.5 1
22 1
22.5 1
23 1
23.5 1
24 1
24.5 1
25 1
25.5 1
26 1
26.5 1
27 1
27.5 1
28 1
28.5 1
29 1
29.5 1
30 1
30.5 1
31 1
31.5 1
32 1
32.5 1
33 1
33.5 1
34 1
34.5 1
35 1
35.5 1
36 1
36.5 1
37 1
37.5 1
38 1
38.5 1
39 1
39.5 1
40 1
40.5 1
41 1
41.5 1
42 1
42.5 1
43 1
43.5 1
44 1
44.5 1
45 1
45.5 1
46 1
46.5 1
47 1
47.5 1
48 1
48.5 1
49 1
49.5 1
50 1
50.5 1
51 1
51.5 1
52 1
52.5 1
53 1
53.5 1
54 1
54.5 1
55 1
55.5 1
56 1
56.5 1
57 1
57.5 1
58 1
58.5 1
59 1
59.5 1
60 1
60.5 1
61 1
61.5 1
62 1
62.5 1
63 1
63.5 1
64 1
64.5 1
65 1
65.5 1
66 1
66.5 1
67 1
67.5 1
68 1
68.5 1
69 1
69.5 1
70 1
70.5 1
71 1
71.5 1
72 1
72.5 1
73 1
73.5 1
74 1
74.5 1
75 1
75.5 1
76 1
76.5 1
77 1
77.5 1
78 1
78.5 1
79 1
79.5 1
80 1
80.5 1
81 1
81.5 1
82 1
82.5 1
83 1
83.5 1
84 1
84.5 1
85 1
85.5 1
86 1
86.5 1
87 1
87.5 1
88 1
88.5 1
89 1
89.5 1
90 1
90.5 1
91 1
91.5 1
92 1
92.5 1
93 1
93.5 1
94 1
94.5 1
95 1
95.5 1
96 1
96.5 1
97 1
97.5 1
98 1
98.5 1
99 1
99.5 1
100 1
100.5 1
101 1
101.5 1
102 1
102.5 1
103 1
103.5 1
104 1
104.5 1
105 1
105.5 1
106 1
106.5 1
107 1
107.5 1
108 1
108.5 1
109 1
109.5 1
110 1
110.5 1
111 1
111.5 1
112 1
112.5 1
113 1
113.5 1
114 1
114.5 1
115 1
115.5 1
116 1
116.5 1
117 1
117.5 1
118 1
118.5 1
119 1
119.5 1
120 1
120.5 1
121 1
121.5 1
122 1
122.5 1
123 1
123.5 1
124 1
124.5 1
125 1
125.5 1
126 1
126.5 1
127 1
127.5 1
128 1
128.5 1
129 1
129.5 1
130 1
130.5 1
131 1
131.5 1
132 1
132.5 1
133 1
133.5 1
134 1
134.5 1
135 1
135.5 1
136 1
136.5 1
137 1
137.5 1
138 1
138.5 1
139 1
139.5 1
140 1
140.5 1
141 1
141.5 1
142 1
142.5 1
143 1
143.5 1
144 1
144.5 1
145 1
145.5 1
146 1
146.5 1
147 1
147.5 1
148 1
148.5 1
149 1
149.5 1
150 1
150.5 1
151 1
151.5 1
152 1
152.5 1
153 1
153.5 1
154 1
154.5 1
155 1
155.5 1
156 1
156.5 1
157 1
157.5 1
158 1
158.5 1
159 1
159.5 1
160 1
160.5 1
161 1
161.5 1
162 1
162.5 1
163 1
163.5 1
164 1
164.5 1
165 1
165.5 1
166 1
166.5 1
167 1
167.5 1
168 1
168.5 1
169 1
169.5 1
170 1
170.5 1
171 1
171.5 1
172 1
172.5 1
173 1
173.5 1
174 1
174.5 1
175 1
175.5 1
176 1
176.5 1
177 1
177.5 1
178 1
178.5 1
179 1
179.5 1
180 1
180.5 1
181 1
181.5 1
182 1
182.5 1
183 1
183.5 1
184 1
184.5 1
185 1
185.5 1
186 1
186.5 1
187 1
187.5 1
188 1
188.5 1
189 1
189.5 1
190 1
190.5 1
191 1
191.5 1
192 1
192.5 1
193 1
193.5 1
194 1
194.5 1
195 1
195.5 1
196 1
196.5 1
197 1
197.5 1
198 1
198.5 1
199 1
199.5 1
200 1
200.5 1
201 1
201.5 1
202 1
202.5 1
203 1
203.5 1
204 1
204.5 1
205 1
205.5 1
206 1
206.5 1
207 1
207.5 1
208 1
208.5 1
209 1
209.5 1
210 1
210.5 1
211 1
211.5 1
212 1
212.5 1
213 1
213.5 1
214 1
214.5 1
215 1
215.5 1
216 1
216.5 1
217 1
217.5 1
218 1
218.5 1
219 1
219.5 1
220 1
220.5 1
221 1
221.5 1
222 1
222.5 1
223 1
223.5 1
224 1
224.5 1
225 1
225.5 1
226 1
226.5 1
227 1
227.5 1
228 1
228.5 1
229 1
229.5 1
230 1
230.5 1
231 1
231.5 1
232 1
232.5 1
233 1
233.5 1
234 1
234.5 1
235 1
235.5 1
236 1
236.5 1
237 1
237.5 1
238 1
238.5 1
239 1
239.5 1
240 1
240.5 1
241 1
241.5 1
242 1
242.5 1
243 1
243.5 1
244 1
244.5 1
245 1
245.5 1
246 1
246.5 1
247 1
247.5 1
248 1
248.5 1
249 1
249.5 1
250 1
250.5 1
251 1
251.5 1
252 1
252.5 1
253 1
253.5 1
254 1
254.5 1
255 1
255.5 1
256 1
256.5 1
257 1
257.5 1
258 1
258.5 1
259 1
259.5 1
260 1
260.5 1
261 1
261.5 1
262 1
262.5 1
263 1
263.5 1
264 1
264.5 1
265 1
265.5 1
266 1
266.5 1
267 1
267.5 1
268 1
268.5 1
269 1
269.5 1
270 1
270.5 1
271 1
271.5 1
272 1
272.5 1
273 1
273.5 1
274 1
274.5 1
275 1
275.5 1
276 1
276.5 1
277 1
277.5 1
278 1
278.5 1
279 1
279.5 1
280 1
280.5 1
281 1
281.5 1
282 1
282.5 1
283 1
283.5 1
284 1
284.5 1
285 1
285.5 1
286 1
286.5 1
287 1
287.5 1
288 1
288.5 1
289 1
289.5 1
290 1
290.5 1
291 1
291.5 1
292 1
292.5 1
293 1
293.5 1
294 1
294.5 1
295 1
295.5 1
296 1
296.5 1
297 1
297.5 1
298 1
298.5 1
299 1
299.5 1
300 1
300.5 1
301 1
301.5 1
302 1
302.5 1
303 1
303.5 1
304 1
304.5 1
305 1
305.5 1
306 1
306.5 1
307 1
307.5 1
308 1
308.5 1
309 1
309.5 1
310 1
310.5 1
311 1
311.5 1
312 1
312.5 1
313 1
313.5 1
314 1
314.5 1
315 1
315.5 1
316 1
316.5 1
317 1
317.5 1
318 1
318.5 1
319 1
319.5 1
320 1
320.5 1
321 1
321.5 1
322 1
322.5 1
323 1
323.5 1
324 1
324.5 1
325 1
325.5 1
326 1
326.5 1
327 1
327.5 1
328 1
328.5 1
329 1
329.5 1
330 1
330.5 1
331 1
331.5 1
332 1
332.5 1
333 1
333.5 1
334 1
334.5 1
335 1
335.5 1
336 1
336.5 1
337 1
337.5 1
338 1
338.5 1
339 1
339.5 1
340 1
340.5 1
341 1
341.5 1
342 1
342.5 1
343 1
343.5 1
344 1
344.5 1
345 1
345.5 1
346 1
346.5 1
347 1
347.5 1
348 1
348.5 1
349 1
349.5 1
350 1
350.5 1
351 1
351.5 1
352 1
352.5 1
353 1
353.5 1
354 1
354.5 1
355 1
355.5 1
356 1
356.5 1
357 1
357.5 1
358 1
358.5 1
359 1
359.5 1
360 1
360.5 1
361 1
361.5 1
362 1
362.5 1
363 1
363.5 1
364 1
364.5 1
365 1
365.5 1
366 1
366.5 1
367 1
367.5 1
368 1
368.5 1
369 1
369.5 1
370 1
370.5 1
371 1
371.5 1
372 1
372.5 1
373 1
373.5 1
374 1
374.5 1
375 1
375.5 1
376 1
376.5 1
377 1
377.5 1
378 1
378.5 1
379 1
379.5 1
380 1
380.5 1
381 1
381.5 1
382 1
382.5 1
383 1
383.5 1
384 1
384.5 1
385 1
385.5 1
386 1
386.5 1
387 1
387.5 1
388 1
388.5 1
389 1
389.5 1
390 1
390.5 1
391 1
391.5 1
392 1
392.5 1
393 1
393.5 1
394 1
394.5 1
395 1
395.5 1
396 1
396.5 1
397 1
397.5 1
398 1
398.5 1
399 1
399.5 1
400 1
400.5 1
401 1
401.5 1
402 1
402.5 1
403 1
403.5 1
404 1
404.5 1
405 1
405.5 1
406 1
406.5 1
407 1
407.5 1
408 1
408.5 1
409 1
409.5 1
410 1
410.5 1
411 1
411.5 1
412 1
412.5 1
413 1
413.5 1
414 1
414.5 1
415 1
415.5 1
416 1
416.5 1
417 1
417.5 1
418 1
418.5 1
419 1
419.5 1
420 1
420.5 1
421 1
421.5 1
422 1
422.5 1
423 1
423.5 1
424 1
424.5 1
425 1
425.5 1
426 1
426.5 1
427 1
427.5 1
428 1
428.5 1
429 1
429.5 1
430 1
430.5 1
431 1
431.5 1
432 1
432.5 1
433 1
433.5 1
434 1
434.5 1
435 1
435.5 1
436 1
436.5 1
437 1
437.5 1
438 1
438.5 1
439 1
439.5 1
440 1
440.5 1
441 1
441.5 1
442 1
442.5 1
443 1
443.5 1
444 1
444.5 1
445 1
445.5 1
446 1
446.5 1
447 1
447.5 1
448 1
448.5 1
449 1
449.5 1
450 1
450.5 1
451 1
451.5 1
452 1
452.5 1
453 1
453.5 1
454 1
454.5 1
455 1
455.5 1
456 1
456.5 1
457 1
457.5 1
458 1
458.5 1
459 1
459.5 1
460 1
460.5 1
461 1
461.5 1
462 1
462.5 1
463 1
463.5 1
464 1
464.5 1
465 1
465.5 1
466 1
466.5 1
467 1
467.5 1
468 1
468.5 1
469 1
469.5 1
470 1
470.5 1
471 1
471.5 1
472 1
472.5 1
473 1
473.5 1
474 1
474.5 1
475 1
475.5 1
476 1
476.5 1
477 1
477.5 1
478 1
478.5 1
479 1
479.5 1
480 1
480.5 1
481 1
481.5 1
482 1
482.5 1
483 1
483.5 1
484 1
484.5 1
485 1
485.5 1
486 1
486.5 1
487 1
487.5 1
488 1
488.5 1
489 1
489.5 1
490 1
490.5 1
491 1
491.5 1
492 1
492.5 1
493 1
493.5 1
494 1
494.5 1
495 1
495.5 1
496 1
496.5 1
497 1
497.5 1
498 1
498.5 1
499 1
499.5 1
500 1
500.5 1
501 1
501.5 1
502 1
502.5 1
503 1
503.5 1
504 1
504.5 1
505 1
505.5 1
506 1
506.5 1
507 1
507.5 1
508 1
508.5 1
509 1
509.5 1
510 1
510.5 1
511 1
511.5 1
512 1
512.5 1
513 1
513.5 1
514 1
514.5 1
515 1
515.5 1
516 1
516.5 1
517 1
517.5 1
518 1
518.5 1
519 1
519.5 1
520 1
520.5 1
521 1
521.5 1
522 1
522.5 1
523 1
523.5 1
524 1
524.5 1
525 2
525.5 2
526 2
526.5 2
527 2
527.5 2
528 2
528.5 2
529 2
529.5 2
530 2
530.5 2
531 2
531.5 2
532 2
532.5 2
533 2
533.5 2
534 2
534.5 2
535 2
535.5 2
536 2
536.5 2
537 2
537.5 2
538 2
538.5 2
539 2
539.5 2
540 2
540.5 2
541 2
541.5 2
542 2
542.5 2
543 2
543.5 2
544 2
544.5 2
545 2
545.5 2
546 2
546.5 2
547 2
547.5 2
548 2
548.5 2
549 2
549.5 2
550 2
550.5 2
551 2
551.5 2
552 2
552.5 2
553 2
553.5 2
554 2
554.5 2
555 2
555.5 2
556 2
556.5 2
557 2
557.5 2
558 2
558.5 2
559 2
559.5 2
560 2
560.5 2
561 2
561.5 2
562 2
562.5 2
563 2
563.5 2
564 2
564.5 2
565 2
565.5 2
566 2
566.5 2
567 2
567.5 2
568 2
568.5 2
569 2
569.5 2
570 2
570.5 2
571 2
571.5 2
572 2
572.5 2
573 2
573.5 2
574 2
574.5 2
575 2
575.5 2
576 2
576.5 2
577 2
577.5 2
578 2
578.5 2
579 2
579.5 2
580 2
580.5 2
581 2
581.5 2
582 2
582.5 2
583 2
583.5 2
584 2
584.5 2
585 2
585.5 2
586 2
586.5 2
587 2
587.5 2
588 2
588.5 2
589 2
589.5 2
590 2
590.5 2
591 2
591.5 2
592 2
592.5 2
593 2
593.5 2
594 2
594.5 2
595 2
595.5 2
596 2
596.5 2
597 2
597.5 2
598 2
598.5 2
599 2
599.5 2
600 2
600.5 2
601 2
601.5 2
602 2
602.5 2
603 2
603.5 2
604 2
604.5 2
605 2
605.5 2
606 2
606.5 2
607 2
607.5 2
608 2
608.5 2
609 2
609.5 2
610 2
610.5 2
611 2
611.5 2
612 2
612.5 2
613 2
613.5 2
614 2
614.5 2
615 2
615.5 2
616 2
616.5 2
617 2
617.5 2
618 2
618.5 2
619 2
619.5 2
620 2
620.5 2
621 2
621.5 2
622 2
622.5 2
623 2
623.5 2
624 2
624.5 2
625 2
625.5 2
626 2
626.5 2
627 2
627.5 2
628 2
628.5 2
629 2
629.5 2
630 2
630.5 2
631 2
631.5 2
632 2
632.5 2
633 2
633.5 2
634 2
634.5 2
635 2
635.5 2
636 2
636.5 2
637 2
637.5 2
638 2
638.5 2
639 2
639.5 2
640 2
640.5 2
641 2
641.5 2
642 2
642.5 2
643 2
643.5 2
644 2
644.5 2
645 2
645.5 2
646 2
646.5 2
647 2
647.5 2
648 2
648.5 2
649 2
649.5 2
650 2
650.5 2
651 2
651.5 2
652 2
652.5 2
653 2
653.5 2
654 2
654.5 2
655 2
655.5 2
656 2
656.5 2
657 2
657.5 2
658 2
658.5 2
659 2
659.5 2
660 2
660.5 2
661 2
661.5 2
662 2
662.5 2
663 2
663.5 2
664 2
664.5 2
665 2
665.5 2
666 2
666.5 2
667 2
667.5 2
668 2
668.5 2
669 2
669.5 2
670 2
670.5 2
671 2
671.5 2
672 2
672.5 2
673 2
673.5 2
674 2
674.5 2
675 2
675.5 2
676 2
676.5 2
677 2
677.5 2
678 2
678.5 2
679 2
679.5 2
680 2
680.5 2
681 2
681.5 2
682 2
682.5 2
683 2
683.5 2
684 2
684.5 2
685 2
685.5 2
686 2
686.5 2
687 2
687.5 2
688 2
688.5 2
689 2
689.5 2
690 2
690.5 2
691 2
691.5 2
692 2
692.5 2
693 2
693.5 2
694 2
694.5 2
695 2
695.5 2
696 2
696.5 2
697 2
697.5 2
698 2
698.5 2
699 2
699.5 2
700 2
700.5 2
701 2
701.5 2
702 2
702.5 2
703 2
703.5 2
704 2
704.5 2
705 2
705.5 2
706 2
706.5 2
707 2
707.5 2
708 2
708.5 2
709 2
709.5 2
710 2
710.5 2
711 2
711.5 2
712 2
712.5 2
713 2
713.5 2
714 2
714.5 2
715 2
715.5 2
716 2
716.5 2
717 2
717.5 2
718 2
718.5 2
719 2
719.5 2
720 2
720.5 2
721 2
721.5 2
722 2
722.5 2
723 2
723.5 2
724 2
724.5 2
725 2
725.5 2
726 2
726.5 2
727 2
727.5 2
728 2
728.5 2
729 2
729.5 2
730 2
730.5 2
731 2
731.5 2
732 2
732.5 2
733 2
733.5 2
734 2
734.5 2
735 2
735.5 2
736 2
736.5 2
737 2
737.5 2
738 2
738.5 2
739 2
739.5 2
740 2
740.5 2
741 2
741.5 2
742 2
742.5 2
743 2
743.5 2
744 2
744.5 2
745 2
745.5 2
746 2
746.5 2
747 2
747.5 2
748 2
748.5 2
749 2
749.5 2
750 2
750.5 2
751 2
751.5 2
752 2
752.5 2
753 2
753.5 2
754 2
754.5 2
755 2
755.5 2
756 2
756.5 2
757 2
757.5 2
758 2
758.5 2
759 2
759.5 2
760 2
760.5 2
761 2
761.5 2
762 2
762.5 2
763 2
763.5 2
764 2
764.5 2
765 2
765.5 2
766 2
766.5 2
767 2
767.5 2
768 2
768.5 2
769 2
769.5 2
770 2
770.5 2
771 2
771.5 2
772 2
772.5 2
773 2
773.5 2
774 2
774.5 2
775 2
775.5 2
776 2
776.5 2
777 2
777.5 2
778 2
778.5 2
779 2
779.5 2
780 2
780.5 2
781 2
781.5 2
782 2
782.5 2
783 2
783.5 2
784 2
784.5 2
785 2
785.5 2
786 2
786.5 2
787 2
787.5 2
788 2
788.5 2
789 2
789.5 2
790 2
790.5 2
791 2
791.5 2
792 2
792.5 2
793 2
793.5 2
794 2
794.5 2
795 2
795.5 2
796 2
796.5 2
797 2
797.5 2
798 2
798.5 2
799 2
799.5 2
800 2
800.5 2
801 2
801.5 2
802 2
802.5 2
803 2
803.5 2
804 2
804.5 2
805 2
805.5 2
806 2
806.5 2
807 2
807.5 2
808 2
808.5 2
809 2
809.5 2
810 2
810.5 2
811 2
811.5 2
812 2
812.5 2
813 2
813.5 2
814 2
814.5 2
815 2
815.5 2
816 2
816.5 2
817 2
817.5 2
818 2
818.5 2
819 2
819.5 2
820 2
820.5 2
821 2
821.5 2
822 2
822.5 2
823 2
823.5 2
824 2
824.5 2
825 2
825.5 2
826 2
826.5 2
827 2
827.5 2
828 2
828.5 2
829 2
829.5 2
830 2
830.5 2
831 2
831.5 2
832 2
832.5 2
833 2
833.5 2
834 2
834.5 2
835 2
835.5 2
836 2
836.5 2
837 2
837.5 2
838 2
838.5 2
839 2
839.5 2
840 2
840.5 2
841 2
841.5 2
842 2
842.5 2
843 2
843.5 2
844 2
844.5 2
845 2
845.5 2
846 2
846.5 2
847 2
847.5 2
848 2
848.5 2
849 2
849.5 2
850 2
850.5 2
851 2
851.5 2
852 2
852.5 2
853 2
853.5 2
854 2
854.5 2
855 2
855.5 2
856 2
856.5 2
857 2
857.5 2
858 2
858.5 2
859 2
859.5 2
860 2
860.5 2
861 2
861.5 2
862 2
862.5 2
863 2
863.5 2
864 2
864.5 2
865 2
865.5 2
866 2
866.5 2
867 2
867.5 2
868 2
868.5 2
869 2
869.5 2
870 2
870.5 2
871 2
871.5 2
872 2
872.5 2
873 2
873.5 2
874 2
874.5 2
875 2
875.5 2
876 2
876.5 2
877 2
877.5 2
878 2
878.5 2
879 2
879.5 2
880 2
880.5 2
881 2
881.5 2
882 2
882.5 2
883 2
883.5 2
884 2
884.5 2
885 2
885.5 2
886 2
886.5 2
887 2
887.5 2
888 2
888.5 2
889 2
889.5 2
890 2
890.5 2
891 2
891.5 2
892 2
892.5 2
893 2
893.5 2
894 2
894.5 2
895 2
895.5 2
896 2
896.5 2
897 2
897.5 2
898 2
898.5 2
899 2
899.5 2
900 2
900.5 2
901 2
901.5 2
902 2
902.5 2
903 2
903.5 2
904 2
904.5 2
905 2
905.5 2
906 2
906.5 2
907 2
907.5 2
908 2
908.5 2
909 2
909.5 2
910 2
910.5 2
911 2
911.5 2
912 2
912.5 2
913 2
913.5 2
914 2
914.5 2
915 2
915.5 2
916 2
916.5 2
917 2
917.5 2
918 2
918.5 2
919 2
919.5 2
920 2
920.5 2
921 2
921.5 2
922 2
922.5 2
923 2
923.5 2
924 2
924.5 2
925 2
925.5 2
926 2
926.5 2
927 2
927.5 2
928 2
928.5 2
929 2
929.5 2
930 2
930.5 2
931 2
931.5 2
932 2
932.5 2
933 2
933.5 2
934 2
934.5 2
935 2
935.5 2
936 2
936.5 2
937 2
937.5 2
938 2
938.5 2
939 2
939.5 2
940 2
940.5 2
941 2
941.5 2
942 2
942.5 2
943 2
943.5 2
944 2
944.5 2
945 2
945.5 2
946 2
946.5 2
947 2
947.5 2
948 2
948.5 2
949 2
949.5 2
950 2
950.5 2
951 2
951.5 2
952 2
952.5 2
953 2
953.5 2
954 2
954.5 2
955 2
955.5 2
956 2
956.5 2
957 2
957.5 2
958 2
958.5 2
959 2
959.5 2
960 2
960.5 2
961 2
961.5 2
962 2
962.5 2
963 2
963.5 2
964 2
964.5 2
965 2
965.5 2
966 2
966.5 2
967 2
967.5 2
968 2
968.5 2
969 2
969.5 2
970 2
970.5 2
971 2
971.5 2
972 2
972.5 2
973 2
973.5 2
974 2
974.5 2
975 2
975.5 2
976 2
976.5 2
977 2
977.5 2
978 2
978.5 2
979 2
979.5 2
980 2
980.5 2
981 2
981.5 2
982 2
982.5 2
983 2
983.5 2
984 2
984.5 2
985 2
985.5 2
986 2
986.5 2
987 2
987.5 2
988 2
988.5 2
989 2
989.5 2
990 2
990.5 2
991 2
991.5 2
992 2
992.5 2
993 2
993.5 2
994 2
994.5 2
995 2
995.5 2
996 2
996.5 2
997 2
997.5 2
998 2
998.5 2
999 2
999.5 2
1000 2
1000.5 2
1001 2
1001.5 2
1002 2
1002.5 2
1003 2
1003.5 2
1004 2
1004.5 2
1005 2
1005.5 2
1006 2
1006.5 2
1007 2
1007.5 2
1008 2
1008.5 2
1009 2
1009.5 2
1010 2
1010.5 2
1011 2
1011.5 2
1012 2
1012.5 2
1013 2
1013.5 2
1014 2
1014.5 2
1015 2
1015.5 2
1016 2
1016.5 2
1017 2
1017.5 2
1018 2
1018.5 2
1019 2
1019.5 2
1020 2
1020.5 2
1021 2
1021.5 2
1022 2
1022.5 2
1023 2
1023.5 2
1024 2
1024.5 2
1025 2
1025.5 2
1026 2
1026.5 2
1027 2
1027.5 2
1028 2
1028.5 2
1029 2
1029.5 2
1030 2
1030.5 2
1031 2
1031.5 2
1032 2
1032.5 2
1033 2
1033.5 2
1034 2
1034.5 2
1035 2
1035.5 2
1036 2
1036.5 2
1037 2
1037.5 2
1038 2
1038.5 2
1039 2
1039.5 2
1040 2
1040.5 2
1041 2
1041.5 2
1042 2
1042.5 2
1043 2
1043.5 2
1044 2
1044.5 2
1045 2
1045.5 2
1046 2
1046.5 2
1047 2
1047.5 2
1048 2
1048.5 2
1049 2
1049.5 2
1050 3
1050.5 3
1051 3
1051.5 3
1052 3
1052.5 3
1053 3
1053.5 3
1054 3
1054.5 3
1055 3
1055.5 3
1056 3
1056.5 3
1057 3
1057.5 3
1058 3
1058.5 3
1059 3
1059.5 3
1060 3
1060.5 3
1061 3
1061.5 3
1062 3
1062.5 3
1063 3
1063.5 3
1064 3
1064.5 3
1065 3
1065.5 3
1066 3
1066.5 3
1067 3
1067.5 3
1068 3
1068.5 3
1069 3
1069.5 3
1070 3
1070.5 3
1071 3
1071.5 3
1072 3
1072.5 3
1073 3
1073.5 3
1074 3
1074.5 3
1075 3
1075.5 3
1076 3
1076.5 3
1077 3
1077.5 3
1078 3
1078.5 3
1079 3
1079.5 3
1080 3
1080.5 3
1081 3
1081.5 3
1082 3
1082.5 3
1083 3
1083.5 3
1084 3
1084.5 3
1085 3
1085.5 3
1086 3
1086.5 3
1087 3
1087.5 3
1088 3
1088.5 3
1089 3
1089.5 3
1090 3
1090.5 3
1091 3
1091.5 3
1092 3
1092.5 3
1093 3
1093.5 3
1094 3
1094.5 3
1095 3
1095.5 3
1096 3
1096.5 3
1097 3
1097.5 3
1098 3
1098.5 3
1099 3
1099.5 3
1100 3
1100.5 3
1101 3
1101.5 3
1102 3
1102.5 3
1103 3
1103.5 3
1104 3
1104.5 3
1105 3
1105.5 3
1106 3
1106.5 3
1107 3
1107.5 3
1108 3
1108.5 3
1109 3
1109.5 3
1110 3
1110.5 3
1111 3
1111.5 3
1112 3
1112.5 3
1113 3
1113.5 3
1114 3
1114.5 3
1115 3
1115.5 3
1116 3
1116.5 3
1117 3
1117.5 3
1118 3
1118.5 3
1119 3
1119.5 3
1120 3
1120.5 3
1121 3
1121.5 3
1122 3
1122.5 3
1123 3
1123.5 3
1124 3
1124.5 3
1125 3
1125.5 3
1126 3
1126.5 3
1127 3
1127.5 3
1128 3
1128.5 3
1129 3
1129.5 3
1130 3
1130.5 3
1131 3
1131.5 3
1132 3
1132.5 3
1133 3
1133.5 3
1134 3
1134.5 3
1135 3
1135.5 3
1136 3
1136.5 3
1137 3
1137.5 3
1138 3
1138.5 3
1139 3
1139.5 3
1140 3
1140.5 3
1141 3
1141.5 3
1142 3
1142.5 3
1143 3
1143.5 3
1144 3
1144.5 3
1145 3
1145.5 3
1146 3
1146.5 3
1147 3
1147.5 3
1148 3
1148.5 3
1149 3
1149.5 3
1150 3
1150.5 3
1151 3
1151.5 3
1152 3
1152.5 3
1153 3
1153.5 3
1154 3
1154.5 3
1155 3
1155.5 3
1156 3
1156.5 3
1157 3
1157.5 3
1158 3
1158.5 3
1159 3
1159.5 3
1160 3
1160.5 3
1161 3
1161.5 3
1162 3
1162.5 3
1163 3
1163.5 3
1164 3
1164.5 3
1165 3
1165.5 3
1166 3
1166.5 3
1167 3
1167.5 3
1168 3
1168.5 3
1169 3
1169.5 3
1170 3
1170.5 3
1171 3
1171.5 3
1172 3
1172.5 3
1173 3
1173.5 3
1174 3
1174.5 3
1175 3
1175.5 3
1176 3
1176.5 3
1177 3
1177.5 3
1178 3
1178.5 3
1179 3
1179.5 3
1180 3
1180.5 3
1181 3
1181.5 3
1182 3
1182.5 3
1183 3
1183.5 3
1184 3
1184.5 3
1185 3
1185.5 3
1186 3
1186.5 3
1187 3
1187.5 3
1188 3
1188.5 3
1189 3
1189.5 3
1190 3
1190.5 3
1191 3
1191.5 3
1192 3
1192.5 3
1193 3
1193.5 3
1194 3
1194.5 3
1195 3
1195.5 3
1196 3
1196.5 3
1197 3
1197.5 3
1198 3
1198.5 3
1199 3
1199.5 3
1200 3
1200.5 3
1201 3
1201.5 3
1202 3
1202.5 3
1203 3
1203.5 3
1204 3
1204.5 3
1205 3
1205.5 3
1206 3
1206.5 3
1207 3
1207.5 3
1208 3
1208.5 3
1209 3
1209.5 3
1210 3
1210.5 3
1211 3
1211.5 3
1212 3
1212.5 3
1213 3
1213.5 3
1214 3
1214.5 3
1215 3
1215.5 3
1216 3
1216.5 3
1217 3
1217.5 3
1218 3
1218.5 3
1219 3
1219.5 3
1220 3
1220.5 3
1221 3
1221.5 3
1222 3
1222.5 3
1223 3
1223.5 3
1224 3
1224.5 3
1225 3
1225.5 3
1226 3
1226.5 3
1227 3
1227.5 3
1228 3
1228.5 3
1229 3
1229.5 3
1230 3
1230.5 3
1231 3
1231.5 3
1232 3
1232.5 3
1233 3
1233.5 3
1234 3
1234.5 3
1235 3
1235.5 3
1236 3
1236.5 3
1237 3
1237.5 3
1238 3
1238.5 3
1239 3
1239.5 3
1240 3
1240.5 3
1241 3
1241.5 3
1242 3
1242.5 3
1243 3
1243.5 3
1244 3
1244.5 3
1245 3
1245.5 3
1246 3
1246.5 3
1247 3
1247.5 3
1248 3
1248.5 3
1249 3
1249.5 3
1250 3
1250.5 3
1251 3
1251.5 3
1252 3
1252.5 3
1253 3
1253.5 3
1254 3
1254.5 3
1255 3
1255.5 3
1256 3
1256.5 3
1257 3
1257.5 3
1258 3
1258.5 3
1259 3
1259.5 3
1260 3
1260.5 3
1261 3
1261.5 3
1262 3
1262.5 3
1263 3
1263.5 3
1264 3
1264.5 3
1265 3
1265.5 3
1266 3
1266.5 3
1267 3
1267.5 3
1268 3
1268.5 3
1269 3
1269.5 3
1270 3
1270.5 3
1271 3
1271.5 3
1272 3
1272.5 3
1273 3
1273.5 3
1274 3
1274.5 3
1275 3
1275.5 3
1276 3
1276.5 3
1277 3
1277.5 3
1278 3
1278.5 3
1279 3
1279.5 3
1280 3
1280.5 3
1281 3
1281.5 3
1282 3
1282.5 3
1283 3
1283.5 3
1284 3
1284.5 3
1285 3
1285.5 3
1286 3
1286.5 3
1287 3
1287.5 3
1288 3
1288.5 3
1289 3
1289.5 3
1290 3
1290.5 3
1291 3
1291.5 3
1292 3
1292.5 3
1293 3
1293.5 3
1294 3
1294.5 3
1295 3
1295.5 3
1296 3
1296.5 3
1297 3
1297.5 3
1298 3
1298.5 3
1299 3
1299.5 3
1300 3
1300.5 3
1301 3
1301.5 3
1302 3
1302.5 3
1303 3
1303.5 3
1304 3
1304.5 3
1305 3
1305.5 3
1306 3
1306.5 3
1307 3
1307.5 3
1308 3
1308.5 3
1309 3
1309.5 3
1310 3
1310.5 3
1311 3
1311.5 3
1312 3
1312.5 3
1313 3
1313.5 3
1314 3
1314.5 3
1315 3
1315.5 3
1316 3
1316.5 3
1317 3
1317.5 3
1318 3
1318.5 3
1319 3
1319.5 3
1320 3
1320.5 3
1321 3
1321.5 3
1322 3
1322.5 3
1323 3
1323.5 3
1324 3
1324.5 3
1325 3
1325.5 3
1326 3
1326.5 3
1327 3
1327.5 3
1328 3
1328.5 3
1329 3
1329.5 3
1330 3
1330.5 3
1331 3
1331.5 3
1332 3
1332.5 3
1333 3
1333.5 3
1334 3
1334.5 3
1335 3
1335.5 3
1336 3
1336.5 3
1337 3
1337.5 3
1338 3
1338.5 3
1339 3
1339.5 3
1340 3
1340.5 3
1341 3
1341.5 3
1342 3
1342.5 3
1343 3
1343.5 3
1344 3
1344.5 3
1345 3
1345.5 3
1346 3
1346.5 3
1347 3
1347.5 3
1348 3
1348.5 3
1349 3
1349.5 3
1350 3
1350.5 3
1351 3
1351.5 3
1352 3
1352.5 3
1353 3
1353.5 3
1354 3
1354.5 3
1355 3
1355.5 3
1356 3
1356.5 3
1357 3
1357.5 3
1358 3
1358.5 3
1359 3
1359.5 3
1360 3
1360.5 3
1361 3
1361.5 3
1362 3
1362.5 3
1363 3
1363.5 3
1364 3
1364.5 3
1365 3
1365.5 3
1366 3
1366.5 3
1367 3
1367.5 3
1368 3
1368.5 3
1369 3
1369.5 3
1370 3
1370.5 3
1371 3
1371.5 3
1372 3
1372.5 3
1373 3
1373.5 3
1374 3
1374.5 3
1375 3
1375.5 3
1376 3
1376.5 3
1377 3
1377.5 3
1378 3
1378.5 3
1379 3
1379.5 3
1380 3
1380.5 3
1381 3
1381.5 3
1382 3
1382.5 3
1383 3
1383.5 3
1384 3
1384.5 3
1385 3
1385.5 3
1386 3
1386.5 3
1387 3
1387.5 3
1388 3
1388.5 3
1389 3
1389.5 3
1390 3
1390.5 3
1391 3
1391.5 3
1392 3
1392.5 3
1393 3
1393.5 3
1394 3
1394.5 3
1395 3
1395.5 3
1396 3
1396.5 3
1397 3
1397.5 3
1398 3
1398.5 3
1399 3
1399.5 3
1400 3
1400.5 3
1401 3
1401.5 3
1402 3
1402.5 3
1403 3
1403.5 3
1404 3
1404.5 3
1405 3
1405.5 3
1406 3
1406.5 3
1407 3
1407.5 3
1408 3
1408.5 3
1409 3
1409.5 3
1410 3
1410.5 3
1411 3
1411.5 3
1412 3
1412.5 3
1413 3
1413.5 3
1414 3
1414.5 3
1415 3
1415.5 3
1416 3
1416.5 3
1417 3
1417.5 3
1418 3
1418.5 3
1419 3
1419.5 3
1420 3
1420.5 3
1421 3
1421.5 3
1422 3
1422.5 3
1423 3
1423.5 3
1424 3
1424.5 3
1425 3
1425.5 3
1426 3
1426.5 3
1427 3
1427.5 3
1428 3
1428.5 3
1429 3
1429.5 3
1430 3
1430.5 3
1431 3
1431.5 3
1432 3
1432.5 3
1433 3
1433.5 3
1434 3
1434.5 3
1435 3
1435.5 3
1436 3
1436.5 3
1437 3
1437.5 3
1438 3
1438.5 3
1439 3
1439.5 3
1440 3
1440.5 3
1441 3
1441.5 3
1442 3
1442.5 3
1443 3
1443.5 3
1444 3
1444.5 3
1445 3
1445.5 3
1446 3
1446.5 3
1447 3
1447.5 3
1448 3
1448.5 3
1449 3
1449.5 3
1450 3
1450.5 3
1451 3
1451.5 3
1452 3
1452.5 3
1453 3
1453.5 3
1454 3
1454.5 3
1455 3
1455.5 3
1456 3
1456.5 3
1457 3
1457.5 3
1458 3
1458.5 3
1459 3
1459.5 3
1460 3
1460.5 3
1461 3
1461.5 3
1462 3
1462.5 3
1463 3
1463.5 3
1464 3
1464.5 3
1465 3
1465.5 3
1466 3
1466.5 3
1467 3
1467.5 3
1468 3
1468.5 3
1469 3
1469.5 3
1470 3
1470.5 3
1471 3
1471.5 3
1472 3
1472.5 3
1473 3
1473.5 3
1474 3
1474.5 3
1475 3
1475.5 3
1476 3
1476.5 3
1477 3
1477.5 3
1478 3
1478.5 3
1479 3
1479.5 3
1480 3
1480.5 3
1481 3
1481.5 3
1482 3
1482.5 3
1483 3
1483.5 3
1484 3
1484.5 3
1485 3
1485.5 3
1486 3
1486.5 3
1487 3
1487.5 3
1488 3
1488.5 3
1489 3
1489.5 3
1490 3
1490.5 3
1491 3
1491.5 3
1492 3
1492.5 3
1493 3
1493.5 3
1494 3
1494.5 3
1495 3
1495.5 3
1496 3
1496.5 3
1497 3
1497.5 3
1498 3
1498.5 3
1499 3
1499.5 3
1500 3
1500.5 3
1501 3
1501.5 3
1502 3
1502.5 3
1503 3
1503.5 3
1504 3
1504.5 3
1505 3
1505.5 3
1506 3
1506.5 3
1507 3
1507.5 3
1508 3
1508.5 3
1509 3
1509.5 3
1510 3
1510.5 3
1511 3
1511.5 3
1512 3
1512.5 3
1513 3
1513.5 3
1514 3
1514.5 3
1515 3
1515.5 3
1516 3
1516.5 3
1517 3
1517.5 3
1518 3
1518.5 3
1519 3
1519.5 3
1520 3
1520.5 3
1521 3
1521.5 3
1522 3
1522.5 3
1523 3
1523.5 3
1524 3
1524.5 3
1525 3
1525.5 3
1526 3
1526.5 3
1527 3
1527.5 3
1528 3
1528.5 3
1529 3
1529.5 3
1530 3
1530.5 3
1531 3
1531.5 3
1532 3
1532.5 3
1533 3
1533.5 3
1534 3
1534.5 3
1535 3
1535.5 3
1536 3
1536.5 3
1537 3
1537.5 3
1538 3
1538.5 3
1539 3
1539.5 3
1540 3
1540.5 3
1541 3
1541.5 3
1542 3
1542.5 3
1543 3
1543.5 3
1544 3
1544.5 3
1545 3
1545.5 3
1546 3
1546.5 3
1547 3
1547.5 3
1548 3
1548.5 3
1549 3
1549.5 3
1550 3
1550.5 3
1551 3
1551.5 3
1552 3
1552.5 3
1553 3
1553.5 3
1554 3
1554.5 3
1555 3
1555.5 3
1556 3
1556.5 3
1557 3
1557.5 3
1558 3
1558.5 3
1559 3
1559.5 3
1560 3
1560.5 3
1561 3
1561.5 3
1562 3
1562.5 3
1563 3
1563.5 3
1564 3
1564.5 3
1565 3
1565.5 3
1566 3
1566.5 3
1567 3
1567.5 3
1568 3
1568.5 3
1569 3
1569.5 3
1570 3
1570.5 3
1571 3
1571.5 3
1572 3
1572.5 3
1573 3
1573.5 3
1574 3
1574.5 3
1575 4
1575.5 4
1576 4
1576.5 4
1577 4
1577.5 4
1578 4
1578.5 4
1579 4
1579.5 4
1580 4
1580.5 4
1581 4
1581.5 4
1582 4
1582.5 4
1583 4
1583.5 4
1584 4
1584.5 4
1585 4
1585.5 4
1586 4
1586.5 4
1587 4
1587.5 4
1588 4
1588.5 4
1589 4
1589.5 4
1590 4
1590.5 4
1591 4
1591.5 4
1592 4
1592.5 4
1593 4
1593.5 4
1594 4
1594.5 4
1595 4
1595.5 4
1596 4
1596.5 4
1597 4
1597.5 4
1598 4
1598.5 4
1599 4
1599.5 4
1600 4
1600.5 4
1601 4
1601.5 4
1602 4
1602.5 4
1603 4
1603.5 4
1604 4
1604.5 4
1605 4
1605.5 4
1606 4
1606.5 4
1607 4
1607.5 4
1608 4
1608.5 4
1609 4
1609.5 4
1610 4
1610.5 4
1611 4
1611.5 4
1612 4
1612.5 4
1613 4
1613.5 4
1614 4
1614.5 4
1615 4
1615.5 4
1616 4
1616.5 4
1617 4
1617.5 4
1618 4
1618.5 4
1619 4
1619.5 4
1620 4
1620.5 4
1621 4
1621.5 4
1622 4
1622.5 4
1623 4
1623.5 4
1624 4
1624.5 4
1625 4
1625.5 4
1626 4
1626.5 4
1627 4
1627.5 4
1628 4
1628.5 4
1629 4
1629.5 4
1630 4
1630.5 4
1631 4
1631.5 4
1632 4
1632.5 4
1633 4
1633.5 4
1634 4
1634.5 4
1635 4
1635.5 4
1636 4
1636.5 4
1637 4
1637.5 4
1638 4
1638.5 4
1639 4
1639.5 4
1640 4
1640.5 4
1641 4
1641.5 4
1642 4
1642.5 4
1643 4
1643.5 4
1644 4
1644.5 4
1645 4
1645.5 4
1646 4
1646.5 4
1647 4
1647.5 4
1648 4
1648.5 4
1649 4
1649.5 4
1650 4
1650.5 4
1651 4
1651.5 4
1652 4
1652.5 4
1653 4
1653.5 4
1654 4
1654.5 4
1655 4
1655.5 4
1656 4
1656.5 4
1657 4
1657.5 4
1658 4
1658.5 4
1659 4
1659.5 4
1660 4
1660.5 4
1661 4
1661.5 4
1662 4
1662.5 4
1663 4
1663.5 4
1664 4
1664.5 4
1665 4
1665.5 4
1666 4
1666.5 4
1667 4
1667.5 4
1668 4
1668.5 4
1669 4
1669.5 4
1670 4
1670.5 4
1671 4
1671.5 4
1672 4
1672.5 4
1673 4
1673.5 4
1674 4
1674.5 4
1675 4
1675.5 4
1676 4
1676.5 4
1677 4
1677.5 4
1678 4
1678.5 4
1679 4
1679.5 4
1680 4
1680.5 4
1681 4
1681.5 4
1682 4
1682.5 4
1683 4
1683.5 4
1684 4
1684.5 4
1685 4
1685.5 4
1686 4
1686.5 4
1687 4
1687.5 4
1688 4
1688.5 4
1689 4
1689.5 4
1690 4
1690.5 4
1691 4
1691.5 4
1692 4
1692.5 4
1693 4
1693.5 4
1694 4
1694.5 4
1695 4
1695.5 4
1696 4
1696.5 4
1697 4
1697.5 4
1698 4
1698.5 4
1699 4
1699.5 4
1700 4
1700.5 4
1701 4
1701.5 4
1702 4
1702.5 4
1703 4
1703.5 4
1704 4
1704.5 4
1705 4
1705.5 4
1706 4
1706.5 4
1707 4
1707.5 4
1708 4
1708.5 4
1709 4
1709.5 4
1710 4
1710.5 4
1711 4
1711.5 4
1712 4
1712.5 4
1713 4
1713.5 4
1714 4
1714.5 4
1715 4
1715.5 4
1716 4
1716.5 4
1717 4
1717.5 4
1718 4
1718.5 4
1719 4
1719.5 4
1720 4
1720.5 4
1721 4
1721.5 4
1722 4
1722.5 4
1723 4
1723.5 4
1724 4
1724.5 4
1725 4
1725.5 4
1726 4
1726.5 4
1727 4
1727.5 4
1728 4
1728.5 4
1729 4
1729.5 4
1730 4
1730.5 4
1731 4
1731.5 4
1732 4
1732.5 4
1733 4
1733.5 4
1734 4
1734.5 4
1735 4
1735.5 4
1736 4
1736.5 4
1737 4
1737.5 4
1738 4
1738.5 4
1739 4
1739.5 4
1740 4
1740.5 4
1741 4
1741.5 4
1742 4
1742.5 4
1743 4
1743.5 4
1744 4
1744.5 4
1745 4
1745.5 4
1746 4
1746.5 4
1747 4
1747.5 4
1748 4
1748.5 4
1749 4
1749.5 4
1750 4
1750.5 4
1751 4
1751.5 4
1752 4
1752.5 4
1753 4
1753.5 4
1754 4
1754.5 4
1755 4
1755.5 4
1756 4
1756.5 4
1757 4
1757.5 4
1758 4
1758.5 4
1759 4
1759.5 4
1760 4
1760.5 4
1761 4
1761.5 4
1762 4
1762.5 4
1763 4
1763.5 4
1764 4
1764.5 4
1765 4
1765.5 4
1766 4
1766.5 4
1767 4
1767.5 4
1768 4
1768.5 4
1769 4
1769.5 4
1770 4
1770.5 4
1771 4
1771.5 4
1772 4
1772.5 4
1773 4
1773.5 4
1774 4
1774.5 4
1775 4
1775.5 4
1776 4
1776.5 4
1777 4
1777.5 4
1778 4
1778.5 4
1779 4
1779.5 4
1780 4
1780.5 4
1781 4
1781.5 4
1782 4
1782.5 4
1783 4
1783.5 4
1784 4
1784.5 4
1785 4
1785.5 4
1786 4
1786.5 4
1787 4
1787.5 4
1788 4
1788.5 4
1789 4
1789.5 4
1790 4
1790.5 4
1791 4
1791.5 4
1792 4
1792.5 4
1793 4
1793.5 4
1794 4
1794.5 4
1795 4
1795.5 4
1796 4
1796.5 4
1797 4
1797.5 4
1798 4
1798.5 4
1799 4
1799.5 4
1800 4
1800.5 4
1801 4
1801.5 4
1802 4
1802.5 4
1803 4
1803.5 4
1804 4
1804.5 4
1805 4
1805.5 4
1806 4
1806.5 4
1807 4
1807.5 4
1808 4
1808.5 4
1809 4
1809.5 4
1810 4
1810.5 4
1811 4
1811.5 4
1812 4
1812.5 4
1813 4
1813.5 4
1814 4
1814.5 4
1815 4
1815.5 4
1816 4
1816.5 4
1817 4
1817.5 4
1818 4
1818.5 4
1819 4
1819.5 4
1820 4
1820.5 4
1821 4
1821.5 4
1822 4
1822.5 4
1823 4
1823.5 4
1824 4
1824.5 4
1825 4
1825.5 4
1826 4
1826.5 4
1827 4
1827.5 4
1828 4
1828.5 4
1829 4
1829.5 4
1830 4
1830.5 4
1831 4
1831.5 4
1832 4
1832.5 4
1833 4
1833.5 4
1834 4
1834.5 4
1835 4
1835.5 4
1836 4
1836.5 4
1837 4
1837.5 4
1838 4
1838.5 4
1839 4
1839.5 4
1840 4
1840.5 4
1841 4
1841.5 4
1842 4
1842.5 4
1843 4
1843.5 4
1844 4
1844.5 4
1845 4
1845.5 4
1846 4
1846.5 4
1847 4
1847.5 4
1848 4
1848.5 4
1849 4
1849.5 4
1850 4
1850.5 4
1851 4
1851.5 4
1852 4
1852.5 4
1853 4
1853.5 4
1854 4
1854.5 4
1855 4
1855.5 4
1856 4
1856.5 4
1857 4
1857.5 4
1858 4
1858.5 4
1859 4
1859.5 4
1860 4
1860.5 4
1861 4
1861.5 4
1862 4
1862.5 4
1863 4
1863.5 4
1864 4
1864.5 4
1865 4
1865.5 4
1866 4
1866.5 4
1867 4
1867.5 4
1868 4
1868.5 4
1869 4
1869.5 4
1870 4
1870.5 4
1871 4
1871.5 4
1872 4
1872.5 4
1873 4
1873.5 4
1874 4
1874.5 4
1875 4
1875.5 4
1876 4
1876.5 4
1877 4
1877.5 4
1878 4
1878.5 4
1879 4
1879.5 4
1880 4
1880.5 4
1881 4
1881.5 4
1882 4
1882.5 4
1883 4
1883.5 4
1884 4
1884.5 4
1885 4
1885.5 4
1886 4
1886.5 4
1887 4
1887.5 4
1888 4
1888.5 4
1889 4
1889.5 4
1890 4
1890.5 4
1891 4
1891.5 4
1892 4
1892.5 4
1893 4
1893.5 4
1894 4
1894.5 4
1895 4
1895.5 4
1896 4
1896.5 4
1897 4
1897.5 4
1898 4
1898.5 4
1899 4
1899.5 4
1900 4
1900.5 4
1901 4
1901.5 4
1902 4
1902.5 4
1903 4
1903.5 4
1904 4
1904.5 4
1905 4
1905.5 4
1906 4
1906.5 4
1907 4
1907.5 4
1908 4
1908.5 4
1909 4
1909.5 4
1910 4
1910.5 4
1911 4
1911.5 4
1912 4
1912.5 4
1913 4
1913.5 4
1914 4
1914.5 4
1915 4
1915.5 4
1916 4
1916.5 4
1917 4
1917.5 4
1918 4
1918.5 4
1919 4
1919.5 4
1920 4
1920.5 4
1921 4
1921.5 4
1922 4
1922.5 4
1923 4
1923.5 4
1924 4
1924.5 4
1925 4
1925.5 4
1926 4
1926.5 4
1927 4
1927.5 4
1928 4
1928.5 4
1929 4
1929.5 4
1930 4
1930.5 4
1931 4
1931.5 4
1932 4
1932.5 4
1933 4
1933.5 4
1934 4
1934.5 4
1935 4
1935.5 4
1936 4
1936.5 4
1937 4
1937.5 4
1938 4
1938.5 4
1939 4
1939.5 4
1940 4
1940.5 4
1941 4
1941.5 4
1942 4
1942.5 4
1943 4
1943.5 4
1944 4
1944.5 4
1945 4
1945.5 4
1946 4
1946.5 4
1947 4
1947.5 4
1948 4
1948.5 4
1949 4
1949.5 4
1950 4
1950.5 4
1951 4
1951.5 4
1952 4
1952.5 4
1953 4
1953.5 4
1954 4
1954.5 4
1955 4
1955.5 4
1956 4
1956.5 4
1957 4
1957.5 4
1958 4
1958.5 4
1959 4
1959.5 4
1960 4
1960.5 4
1961 4
1961.5 4
1962 4
1962.5 4
1963 4
1963.5 4
1964 4
1964.5 4
1965 4
1965.5 4
1966 4
1966.5 4
1967 4
1967.5 4
1968 4
1968.5 4
1969 4
1969.5 4
1970 4
1970.5 4
1971 4
1971.5 4
1972 4
1972.5 4
1973 4
1973.5 4
1974 4
1974.5 4
1975 4
1975.5 4
1976 4
1976.5 4
1977 4
1977.5 4
1978 4
1978.5 4
1979 4
1979.5 4
1980 4
1980.5 4
1981 4
1981.5 4
1982 4
1982.5 4
1983 4
1983.5 4
1984 4
1984.5 4
1985 4
1985.5 4
1986 4
1986.5 4
1987 4
1987.5 4
1988 4
1988.5 4
1989 4
1989.5 4
1990 4
1990.5 4
1991 4
1991.5 4
1992 4
1992.5 4
1993 4
1993.5 4
1994 4
1994.5 4
1995 4
1995.5 4
1996 4
1996.5 4
1997 4
1997.5 4
1998 4
1998.5 4
1999 4
1999.5 4
2000 4
2000.5 4
2001 4
2001.5 4
2002 4
2002.5 4
2003 4
2003.5 4
2004 4
2004.5 4
2005 4
2005.5 4
2006 4
2006.5 4
2007 4
2007.5 4
2008 4
2008.5 4
2009 4
2009.5 4
2010 4
2010.5 4
2011 4
2011.5 4
2012 4
2012.5 4
2013 4
2013.5 4
2014 4
2014.5 4
2015 4
2015.5 4
2016 4
2016.5 4
2017 4
2017.5 4
2018 4
2018.5 4
2019 4
2019.5 4
2020 4
2020.5 4
2021 4
2021.5 4
2022 4
2022.5 4
2023 4
2023.5 4
2024 4
2024.5 4
2025 4
2025.5 4
2026 4
2026.5 4
2027 4
2027.5 4
2028 4
2028.5 4
2029 4
2029.5 4
2030 4
2030.5 4
2031 4
2031.5 4
2032 4
2032.5 4
2033 4
2033.5 4
2034 4
2034.5 4
2035 4
2035.5 4
2036 4
2036.5 4
2037 4
2037.5 4
2038 4
2038.5 4
2039 4
2039.5 4
2040 4
2040.5 4
2041 4
2041.5 4
2042 4
2042.5 4
2043 4
2043.5 4
2044 4
2044.5 4
2045 4
2045.5 4
2046 4
2046.5 4
2047 4
2047.5 4
2048 4
2048.5 4
2049 4
2049.5 4
2050 4
2050.5 4
2051 4
2051.5 4
2052 4
2052.5 4
2053 4
2053.5 4
2054 4
2054.5 4
2055 4
2055.5 4
2056 4
2056.5 4
2057 4
2057.5 4
2058 4
2058.5 4
2059 4
2059.5 4
2060 4
2060.5 4
2061 4
2061.5 4
2062 4
2062.5 4
2063 4
2063.5 4
2064 4
2064.5 4
2065 4
2065.5 4
2066 4
2066.5 4
2067 4
2067.5 4
2068 4
2068.5 4
2069 4
2069.5 4
2070 4
2070.5 4
2071 4
2071.5 4
2072 4
2072.5 4
2073 4
2073.5 4
2074 4
2074.5 4
2075 4
2075.5 4
2076 4
2076.5 4
2077 4
2077.5 4
2078 4
2078.5 4
2079 4
2079.5 4
2080 4
2080.5 4
2081 4
2081.5 4
2082 4
2082.5 4
2083 4
2083.5 4
2084 4
2084.5 4
2085 4
2085.5 4
2086 4
2086.5 4
2087 4
2087.5 4
2088 4
2088.5 4
2089 4
2089.5 4
2090 4
2090.5 4
2091 4
2091.5 4
2092 4
2092.5 4
2093 4
2093.5 4
2094 4
2094.5 4
2095 4
2095.5 4
2096 4
2096.5 4
2097 4
2097.5 4
2098 4
2098.5 4
2099 4
2099.5 4
2100 5
2100.5 5
2101 5
2101.5 5
2102 5
2102.5 5
2103 5
2103.5 5
2104 5
2104.5 5
2105 5
2105.5 5
2106 5
2106.5 5
2107 5
2107.5 5
2108 5
2108.5 5
2109 5
2109.5 5
2110 5
2110.5 5
2111 5
2111.5 5
2112 5
2112.5 5
2113 5
2113.5 5
2114 5
2114.5 5
2115 5
2115.5 5
2116 5
2116.5 5
2117 5
2117.5 5
2118 5
2118.5 5
2119 5
2119.5 5
2120 5
2120.5 5
2121 5
2121.5 5
2122 5
2122.5 5
2123 5
2123.5 5
2124 5
2124.5 5
2125 5
2125.5 5
2126 5
2126.5 5
2127 5
2127.5 5
2128 5
2128.5 5
2129 5
2129.5 5
2130 5
2130.5 5
2131 5
2131.5 5
2132 5
2132.5 5
2133 5
2133.5 5
2134 5
2134.5 5
2135 5
2135.5 5
2136 5
2136.5 5
2137 5
2137.5 5
2138 5
2138.5 5
2139 5
2139.5 5
2140 5
2140.5 5
2141 5
2141.5 5
2142 5
2142.5 5
2143 5
2143.5 5
2144 5
2144.5 5
2145 5
2145.5 5
2146 5
2146.5 5
2147 5
2147.5 5
2148 5
2148.5 5
2149 5
2149.5 5
2150 5
2150.5 5
2151 5
2151.5 5
2152 5
2152.5 5
2153 5
2153.5 5
2154 5
2154.5 5
2155 5
2155.5 5
2156 5
2156.5 5
2157 5
2157.5 5
2158 5
2158.5 5
2159 5
2159.5 5
2160 5
2160.5 5
2161 5
2161.5 5
2162 5
2162.5 5
2163 5
2163.5 5
2164 5
2164.5 5
2165 5
2165.5 5
2166 5
2166.5 5
2167 5
2167.5 5
2168 5
2168.5 5
2169 5
2169.5 5
2170 5
2170.5 5
2171 5
2171.5 5
2172 5
2172.5 5
2173 5
2173.5 5
2174 5
2174.5 5
2175 5
2175.5 5
2176 5
2176.5 5
2177 5
2177.5 5
2178 5
2178.5 5
2179 5
2179.5 5
2180 5
2180.5 5
2181 5
2181.5 5
2182 5
2182.5 5
2183 5
2183.5 5
2184 5
2184.5 5
2185 5
2185.5 5
2186 5
2186.5 5
2187 5
2187.5 5
2188 5
2188.5 5
2189 5
2189.5 5
2190 5
2190.5 5
2191 5
2191.5 5
2192 5
2192.5 5
2193 5
2193.5 5
2194 5
2194.5 5
2195 5
2195.5 5
2196 5
2196.5 5
2197 5
2197.5 5
2198 5
2198.5 5
2199 5
2199.5 5
2200 5
2200.5 5
2201 5
2201.5 5
2202 5
2202.5 5
2203 5
2203.5 5
2204 5
2204.5 5
2205 5
2205.5 5
2206 5
2206.5 5
2207 5
2207.5 5
2208 5
2208.5 5
2209 5
2209.5 5
2210 5
2210.5 5
2211 5
2211.5 5
2212 5
2212.5 5
2213 5
2213.5 5
2214 5
2214.5 5
2215 5
2215.5 5
2216 5
2216.5 5
2217 5
2217.5 5
2218 5
2218.5 5
2219 5
2219.5 5
2220 5
2220.5 5
2221 5
2221.5 5
2222 5
2222.5 5
2223 5
2223.5 5
2224 5
2224.5 5
2225 5
2225.5 5
2226 5
2226.5 5
2227 5
2227.5 5
2228 5
2228.5 5
2229 5
2229.5 5
2230 5
2230.5 5
2231 5
2231.5 5
2232 5
2232.5 5
2233 5
2233.5 5
2234 5
2234.5 5
2235 5
2235.5 5
2236 5
2236.5 5
2237 5
2237.5 5
2238 5
2238.5 5
2239 5
2239.5 5
2240 5
2240.5 5
2241 5
2241.5 5
2242 5
2242.5 5
2243 5
2243.5 5
2244 5
2244.5 5
2245 5
2245.5 5
2246 5
2246.5 5
2247 5
2247.5 5
2248 5
2248.5 5
2249 5
2249.5 5
2250 5
2250.5 5
2251 5
2251.5 5
2252 5
2252.5 5
2253 5
2253.5 5
2254 5
2254.5 5
2255 5
2255.5 5
2256 5
2256.5 5
2257 5
2257.5 5
2258 5
2258.5 5
2259 5
2259.5 5
2260 5
2260.5 5
2261 5
2261.5 5
2262 5
2262.5 5
2263 5
2263.5 5
2264 5
2264.5 5
2265 5
2265.5 5
2266 5
2266.5 5
2267 5
2267.5 5
2268 5
2268.5 5
2269 5
2269.5 5
2270 5
2270.5 5
2271 5
2271.5 5
2272 5
2272.5 5
2273 5
2273.5 5
2274 5
2274.5 5
2275 5
2275.5 5
2276 5
2276.5 5
2277 5
2277.5 5
2278 5
2278.5 5
2279 5
2279.5 5
2280 5
2280.5 5
2281 5
2281.5 5
2282 5
2282.5 5
2283 5
2283.5 5
2284 5
2284.5 5
2285 5
2285.5 5
2286 5
2286.5 5
2287 5
2287.5 5
2288 5
2288.5 5
2289 5
2289.5 5
2290 5
2290.5 5
2291 5
2291.5 5
2292 5
2292.5 5
2293 5
2293.5 5
2294 5
2294.5 5
2295 5
2295.5 5
2296 5
2296.5 5
2297 5
2297.5 5
2298 5
2298.5 5
2299 5
2299.5 5
2300 5
2300.5 5
2301 5
2301.5 5
2302 5
2302.5 5
2303 5
2303.5 5
2304 5
2304.5 5
2305 5
2305.5 5
2306 5
2306.5 5
2307 5
2307.5 5
2308 5
2308.5 5
2309 5
2309.5 5
2310 5
2310.5 5
2311 5
2311.5 5
2312 5
2312.5 5
2313 5
2313.5 5
2314 5
2314.5 5
2315 5
2315.5 5
2316 5
2316.5 5
2317 5
2317.5 5
2318 5
2318.5 5
2319 5
2319.5 5
2320 5
2320.5 5
2321 5
2321.5 5
2322 5
2322.5 5
2323 5
2323.5 5
2324 5
2324.5 5
2325 5
2325.5 5
2326 5
2326.5 5
2327 5
2327.5 5
2328 5
2328.5 5
2329 5
2329.5 5
2330 5
2330.5 5
2331 5
2331.5 5
2332 5
2332.5 5
2333 5
2333.5 5
2334 5
2334.5 5
2335 5
2335.5 5
2336 5
2336.5 5
2337 5
2337.5 5
2338 5
2338.5 5
2339 5
2339.5 5
2340 5
2340.5 5
2341 5
2341.5 5
2342 5
2342.5 5
2343 5
2343.5 5
2344 5
2344.5 5
2345 5
2345.5 5
2346 5
2346.5 5
2347 5
2347.5 5
2348 5
2348.5 5
2349 5
2349.5 5
2350 5
2350.5 5
2351 5
2351.5 5
2352 5
2352.5 5
2353 5
2353.5 5
2354 5
2354.5 5
2355 5
2355.5 5
2356 5
2356.5 5
2357 5
2357.5 5
2358 5
2358.5 5
2359 5
2359.5 5
2360 5
2360.5 5
2361 5
2361.5 5
2362 5
2362.5 5
2363 5
2363.5 5
2364 5
2364.5 5
2365 5
2365.5 5
2366 5
2366.5 5
2367 5
2367.5 5
2368 5
2368.5 5
2369 5
2369.5 5
2370 5
2370.5 5
2371 5
2371.5 5
2372 5
2372.5 5
2373 5
2373.5 5
2374 5
2374.5 5
2375 5
2375.5 5
2376 5
2376.5 5
2377 5
2377.5 5
2378 5
2378.5 5
2379 5
2379.5 5
2380 5
2380.5 5
2381 5
2381.5 5
2382 5
2382.5 5
2383 5
2383.5 5
2384 5
2384.5 5
2385 5
2385.5 5
2386 5
2386.5 5
2387 5
2387.5 5
2388 5
2388.5 5
2389 5
2389.5 5
2390 5
2390.5 5
2391 5
2391.5 5
2392 5
2392.5 5
2393 5
2393.5 5
2394 5
2394.5 5
2395 5
2395.5 5
2396 5
2396.5 5
2397 5
2397.5 5
2398 5
2398.5 5
2399 5
2399.5 5
2400 5
2400.5 5
2401 5
2401.5 5
2402 5
2402.5 5
2403 5
2403.5 5
2404 5
2404.5 5
2405 5
2405.5 5
2406 5
2406.5 5
2407 5
2407.5 5
2408 5
2408.5 5
2409 5
2409.5 5
2410 5
2410.5 5
2411 5
2411.5 5
2412 5
2412.5 5
2413 5
2413.5 5
2414 5
2414.5 5
2415 5
2415.5 5
2416 5
2416.5 5
2417 5
2417.5 5
2418 5
2418.5 5
2419 5
2419.5 5
2420 5
2420.5 5
2421 5
2421.5 5
2422 5
2422.5 5
2423 5
2423.5 5
2424 5
2424.5 5
2425 5
2425.5 5
2426 5
2426.5 5
2427 5
2427.5 5
2428 5
2428.5 5
2429 5
2429.5 5
2430 5
2430.5 5
2431 5
2431.5 5
2432 5
2432.5 5
2433 5
2433.5 5
2434 5
2434.5 5
2435 5
2435.5 5
2436 5
2436.5 5
2437 5
2437.5 5
2438 5
2438.5 5
2439 5
2439.5 5
2440 5
2440.5 5
2441 5
2441.5 5
2442 5
2442.5 5
2443 5
2443.5 5
2444 5
2444.5 5
2445 5
2445.5 5
2446 5
2446.5 5
2447 5
2447.5 5
2448 5
2448.5 5
2449 5
2449.5 5
2450 5
2450.5 5
2451 5
2451.5 5
2452 5
2452.5 5
2453 5
2453.5 5
2454 5
2454.5 5
2455 5
2455.5 5
2456 5
2456.5 5
2457 5
2457.5 5
2458 5
2458.5 5
2459 5
2459.5 5
2460 5
2460.5 5
2461 5
2461.5 5
2462 5
2462.5 5
2463 5
2463.5 5
2464 5
2464.5 5
2465 5
2465.5 5
2466 5
2466.5 5
2467 5
2467.5 5
2468 5
2468.5 5
2469 5
2469.5 5
2470 5
2470.5 5
2471 5
2471.5 5
2472 5
2472.5 5
2473 5
2473.5 5
2474 5
2474.5 5
2475 5
2475.5 5
2476 5
2476.5 5
2477 5
2477.5 5
2478 5
2478.5 5
2479 5
2479.5 5
2480 5
2480.5 5
2481 5
2481.5 5
2482 5
2482.5 5
2483 5
2483.5 5
2484 5
2484.5 5
2485 5
2485.5 5
2486 5
2486.5 5
2487 5
2487.5 5
2488 5
2488.5 5
2489 5
2489.5 5
2490 5
2490.5 5
2491 5
2491.5 5
2492 5
2492.5 5
2493 5
2493.5 5
2494 5
2494.5 5
2495 5
2495.5 5
2496 5
2496.5 5
2497 5
2497.5 5
2498 5
2498.5 5
2499 5
2499.5 5
2500 5
2500.5 5
2501 5
2501.5 5
2502 5
2502.5 5
2503 5
2503.5 5
2504 5
2504.5 5
2505 5
2505.5 5
2506 5
2506.5 5
2507 5
2507.5 5
2508 5
2508.5 5
2509 5
2509.5 5
2510 5
2510.5 5
2511 5
2511.5 5
2512 5
2512.5 5
2513 5
2513.5 5
2514 5
2514.5 5
2515 5
2515.5 5
2516 5
2516.5 5
2517 5
2517.5 5
2518 5
2518.5 5
2519 5
2519.5 5
2520 5
2520.5 5
2521 5
2521.5 5
2522 5
2522.5 5
2523 5
2523.5 5
2524 5
2524.5 5
2525 5
2525.5 5
2526 5
2526.5 5
2527 5
2527.5 5
2528 5
2528.5 5
2529 5
2529.5 5
2530 5
2530.5 5
2531 5
2531.5 5
2532 5
2532.5 5
2533 5
2533.5 5
2534 5
2534.5 5
2535 5
2535.5 5
2536 5
2536.5 5
2537 5
2537.5 5
2538 5
2538.5 5
2539 5
2539.5 5
2540 5
2540.5 5
2541 5
2541.5 5
2542 5
2542.5 5
2543 5
2543.5 5
2544 5
2544.5 5
2545 5
2545.5 5
2546 5
2546.5 5
2547 5
2547.5 5
2548 5
2548.5 5
2549 5
2549.5 5
2550 5
2550.5 5
2551 5
2551.5 5
2552 5
2552.5 5
2553 5
2553.5 5
2554 5
2554.5 5
2555 5
2555.5 5
2556 5
2556.5 5
2557 5
2557.5 5
2558 5
2558.5 5
2559 5
2559.5 5
2560 5
2560.5 5
2561 5
2561.5 5
2562 5
2562.5 5
2563 5
2563.5 5
2564 5
2564.5 5
2565 5
2565.5 5
2566 5
2566.5 5
2567 5
2567.5 5
2568 5
2568.5 5
2569 5
2569.5 5
2570 5
2570.5 5
2571 5
2571.5 5
2572 5
2572.5 5
2573 5
2573.5 5
2574 5
2574.5 5
2575 5
2575.5 5
2576 5
2576.5 5
2577 5
2577.5 5
2578 5
2578.5 5
2579 5
2579.5 5
2580 5
2580.5 5
2581 5
2581.5 5
2582 5
2582.5 5
2583 5
2583.5 5
2584 5
2584.5 5
2585 5
2585.5 5
2586 5
2586.5 5
2587 5
2587.5 5
2588 5
2588.5 5
2589 5
2589.5 5
2590 5
2590.5 5
2591 5
2591.5 5
2592 5
2592.5 5
2593 5
2593.5 5
2594 5
2594.5 5
2595 5
2595.5 5
2596 5
2596.5 5
2597 5
2597.5 5
2598 5
2598.5 5
2599 5
2599.5 5
2600 5
2600.5 5
2601 5
2601.5 5
2602 5
2602.5 5
2603 5
2603.5 5
2604 5
2604.5 5
2605 5
2605.5 5
2606 5
2606.5 5
2607 5
2607.5 5
2608 5
2608.5 5
2609 5
2609.5 5
2610 5
2610.5 5
2611 5
2611.5 5
2612 5
2612.5 5
2613 5
2613.5 5
2614 5
2614.5 5
2615 5
2615.5 5
2616 5
2616.5 5
2617 5
2617.5 5
2618 5
2618.5 5
2619 5
2619.5 5
2620 5
2620.5 5
2621 5
2621.5 5
2622 5
2622.5 5
2623 5
2623.5 5
2624 5
2624.5 5
2625 6
2625.5 6
2626 6
2626.5 6
2627 6
2627.5 6
2628 6
2628.5 6
2629 6
2629.5 6
2630 6
2630.5 6
2631 6
2631.5 6
2632 6
2632.5 6
2633 6
2633.5 6
2634 6
2634.5 6
2635 6
2635.5 6
2636 6
2636.5 6
2637 6
2637.5 6
2638 6
2638.5 6
2639 6
2639.5 6
2640 6
2640.5 6
2641 6
2641.5 6
2642 6
2642.5 6
2643 6
2643.5 6
2644 6
2644.5 6
2645 6
2645.5 6
2646 6
2646.5 6
2647 6
2647.5 6
2648 6
2648.5 6
2649 6
2649.5 6
2650 6
2650.5 6
2651 6
2651.5 6
2652 6
2652.5 6
2653 6
2653.5 6
2654 6
2654.5 6
2655 6
2655.5 6
2656 6
2656.5 6
2657 6
2657.5 6
2658 6
2658.5 6
2659 6
2659.5 6
2660 6
2660.5 6
2661 6
2661.5 6
2662 6
2662.5 6
2663 6
2663.5 6
2664 6
2664.5 6
2665 6
2665.5 6
2666 6
2666.5 6
2667 6
2667.5 6
2668 6
2668.5 6
2669 6
2669.5 6
2670 6
2670.5 6
2671 6
2671.5 6
2672 6
2672.5 6
2673 6
2673.5 6
2674 6
2674.5 6
2675 6
2675.5 6
2676 6
2676.5 6
2677 6
2677.5 6
2678 6
2678.5 6
2679 6
2679.5 6
2680 6
2680.5 6
2681 6
2681.5 6
2682 6
2682.5 6
2683 6
2683.5 6
2684 6
2684.5 6
2685 6
2685.5 6
2686 6
2686.5 6
2687 6
2687.5 6
2688 6
2688.5 6
2689 6
2689.5 6
2690 6
2690.5 6
2691 6
2691.5 6
2692 6
2692.5 6
2693 6
2693.5 6
2694 6
2694.5 6
2695 6
2695.5 6
2696 6
2696.5 6
2697 6
2697.5 6
2698 6
2698.5 6
2699 6
2699.5 6
2700 6
2700.5 6
2701 6
2701.5 6
2702 6
2702.5 6
2703 6
2703.5 6
2704 6
2704.5 6
2705 6
2705.5 6
2706 6
2706.5 6
2707 6
2707.5 6
2708 6
2708.5 6
2709 6
2709.5 6
2710 6
2710.5 6
2711 6
2711.5 6
2712 6
2712.5 6
2713 6
2713.5 6
2714 6
2714.5 6
2715 6
2715.5 6
2716 6
2716.5 6
2717 6
2717.5 6
2718 6
2718.5 6
2719 6
2719.5 6
2720 6
2720.5 6
2721 6
2721.5 6
2722 6
2722.5 6
2723 6
2723.5 6
2724 6
2724.5 6
2725 6
2725.5 6
2726 6
2726.5 6
2727 6
2727.5 6
2728 6
2728.5 6
2729 6
2729.5 6
2730 6
2730.5 6
2731 6
2731.5 6
2732 6
2732.5 6
2733 6
2733.5 6
2734 6
2734.5 6
2735 6
2735.5 6
2736 6
2736.5 6
2737 6
2737.5 6
2738 6
2738.5 6
2739 6
2739.5 6
2740 6
2740.5 6
2741 6
2741.5 6
2742 6
2742.5 6
2743 6
2743.5 6
2744 6
2744.5 6
2745 6
2745.5 6
2746 6
2746.5 6
2747 6
2747.5 6
2748 6
2748.5 6
2749 6
2749.5 6
2750 6
2750.5 6
2751 6
2751.5 6
2752 6
2752.5 6
2753 6
2753.5 6
2754 6
2754.5 6
2755 6
2755.5 6
2756 6
2756.5 6
2757 6
2757.5 6
2758 6
2758.5 6
2759 6
2759.5 6
2760 6
2760.5 6
2761 6
2761.5 6
2762 6
2762.5 6
2763 6
2763.5 6
2764 6
2764.5 6
2765 6
2765.5 6
2766 6
2766.5 6
2767 6
2767.5 6
2768 6
2768.5 6
2769 6
2769.5 6
2770 6
2770.5 6
2771 6
2771.5 6
2772 6
2772.5 6
2773 6
2773.5 6
2774 6
2774.5 6
2775 6
2775.5 6
2776 6
2776.5 6
2777 6
2777.5 6
2778 6
2778.5 6
2779 6
2779.5 6
2780 6
2780.5 6
2781 6
2781.5 6
2782 6
2782.5 6
2783 6
2783.5 6
2784 6
2784.5 6
2785 6
2785.5 6
2786 6
2786.5 6
2787 6
2787.5 6
2788 6
2788.5 6
2789 6
2789.5 6
2790 6
2790.5 6
2791 6
2791.5 6
2792 6
2792.5 6
2793 6
2793.5 6
2794 6
2794.5 6
2795 6
2795.5 6
2796 6
2796.5 6
2797 6
2797.5 6
2798 6
2798.5 6
2799 6
2799.5 6
2800 6
2800.5 6
2801 6
2801.5 6
2802 6
2802.5 6
2803 6
2803.5 6
2804 6
2804.5 6
2805 6
2805.5 6
2806 6
2806.5 6
2807 6
2807.5 6
2808 6
2808.5 6
2809 6
2809.5 6
2810 6
2810.5 6
2811 6
2811.5 6
2812 6
2812.5 6
2813 6
2813.5 6
2814 6
2814.5 6
2815 6
2815.5 6
2816 6
2816.5 6
2817 6
2817.5 6
2818 6
2818.5 6
2819 6
2819.5 6
2820 6
2820.5 6
2821 6
2821.5 6
2822 6
2822.5 6
2823 6
2823.5 6
2824 6
2824.5 6
2825 6
2825.5 6
2826 6
2826.5 6
2827 6
2827.5 6
2828 6
2828.5 6
2829 6
2829.5 6
2830 6
2830.5 6
2831 6
2831.5 6
2832 6
2832.5 6
2833 6
2833.5 6
2834 6
2834.5 6
2835 6
2835.5 6
2836 6
2836.5 6
2837 6
2837.5 6
2838 6
2838.5 6
2839 6
2839.5 6
2840 6
2840.5 6
2841 6
2841.5 6
2842 6
2842.5 6
2843 6
2843.5 6
2844 6
2844.5 6
2845 6
2845.5 6
2846 6
2846.5 6
2847 6
2847.5 6
2848 6
2848.5 6
2849 6
2849.5 6
2850 6
2850.5 6
2851 6
2851.5 6
2852 6
2852.5 6
2853 6
2853.5 6
2854 6
2854.5 6
2855 6
2855.5 6
2856 6
2856.5 6
2857 6
2857.5 6
2858 6
2858.5 6
2859 6
2859.5 6
2860 6
2860.5 6
2861 6
2861.5 6
2862 6
2862.5 6
2863 6
2863.5 6
2864 6
2864.5 6
2865 6
2865.5 6
2866 6
2866.5 6
2867 6
2867.5 6
2868 6
2868.5 6
2869 6
2869.5 6
2870 6
2870.5 6
2871 6
2871.5 6
2872 6
2872.5 6
2873 6
2873.5 6
2874 6
2874.5 6
2875 6
2875.5 6
2876 6
2876.5 6
2877 6
2877.5 6
2878 6
2878.5 6
2879 6
2879.5 6
2880 6
2880.5 6
2881 6
2881.5 6
2882 6
2882.5 6
2883 6
2883.5 6
2884 6
2884.5 6
2885 6
2885.5 6
2886 6
2886.5 6
2887 6
2887.5 6
2888 6
2888.5 6
2889 6
2889.5 6
2890 6
2890.5 6
2891 6
2891.5 6
2892 6
2892.5 6
2893 6
2893.5 6
2894 6
2894.5 6
2895 6
2895.5 6
2896 6
2896.5 6
2897 6
2897.5 6
2898 6
2898.5 6
2899 6
2899.5 6
2900 6
2900.5 6
2901 6
2901.5 6
2902 6
2902.5 6
2903 6
2903.5 6
2904 6
2904.5 6
2905 6
2905.5 6
2906 6
2906.5 6
2907 6
2907.5 6
2908 6
2908.5 6
2909 6
2909.5 6
2910 6
2910.5 6
2911 6
2911.5 6
2912 6
2912.5 6
2913 6
2913.5 6
2914 6
2914.5 6
2915 6
2915.5 6
2916 6
2916.5 6
2917 6
2917.5 6
2918 6
2918.5 6
2919 6
2919.5 6
2920 6
2920.5 6
2921 6
2921.5 6
2922 6
2922.5 6
2923 6
2923.5 6
2924 6
2924.5 6
2925 6
2925.5 6
2926 6
2926.5 6
2927 6
2927.5 6
2928 6
2928.5 6
2929 6
2929.5 6
2930 6
2930.5 6
2931 6
2931.5 6
2932 6
2932.5 6
2933 6
2933.5 6
2934 6
2934.5 6
2935 6
2935.5 6
2936 6
2936.5 6
2937 6
2937.5 6
2938 6
2938.5 6
2939 6
2939.5 6
2940 6
2940.5 6
2941 6
2941.5 6
2942 6
2942.5 6
2943 6
2943.5 6
2944 6
2944.5 6
2945 6
2945.5 6
2946 6
2946.5 6
2947 6
2947.5 6
2948 6
2948.5 6
2949 6
2949.5 6
2950 6
2950.5 6
2951 6
2951.5 6
2952 6
2952.5 6
2953 6
2953.5 6
2954 6
2954.5 6
2955 6
2955.5 6
2956 6
2956.5 6
2957 6
2957.5 6
2958 6
2958.5 6
2959 6
2959.5 6
2960 6
2960.5 6
2961 6
2961.5 6
2962 6
2962.5 6
2963 6
2963.5 6
2964 6
2964.5 6
2965 6
2965.5 6
2966 6
2966.5 6
2967 6
2967.5 6
2968 6
2968.5 6
2969 6
2969.5 6
2970 6
2970.5 6
2971 6
2971.5 6
2972 6
2972.5 6
2973 6
2973.5 6
2974 6
2974.5 6
2975 6
2975.5 6
2976 6
2976.5 6
2977 6
2977.5 6
2978 6
2978.5 6
2979 6
2979.5 6
2980 6
2980.5 6
2981 6
2981.5 6
2982 6
2982.5 6
2983 6
2983.5 6
2984 6
2984.5 6
2985 6
2985.5 6
2986 6
2986.5 6
2987 6
2987.5 6
2988 6
2988.5 6
2989 6
2989.5 6
2990 6
2990.5 6
2991 6
2991.5 6
2992 6
2992.5 6
2993 6
2993.5 6
2994 6
2994.5 6
2995 6
2995.5 6
2996 6
2996.5 6
2997 6
2997.5 6
2998 6
2998.5 6
2999 6
2999.5 6
3000 6
3000.5 6
3001 6
3001.5 6
3002 6
3002.5 6
3003 6
3003.5 6
3004 6
3004.5 6
3005 6
3005.5 6
3006 6
3006.5 6
3007 6
3007.5 6
3008 6
3008.5 6
3009 6
3009.5 6
3010 6
3010.5 6
3011 6
3011.5 6
3012 6
3012.5 6
3013 6
3013.5 6
3014 6
3014.5 6
3015 6
3015.5 6
3016 6
3016.5 6
3017 6
3017.5 6
3018 6
3018.5 6
3019 6
3019.5 6
3020 6
3020.5 6
3021 6
3021.5 6
3022 6
3022.5 6
3023 6
3023.5 6
3024 6
3024.5 6
3025 6
3025.5 6
3026 6
3026.5 6
3027 6
3027.5 6
3028 6
3028.5 6
3029 6
3029.5 6
3030 6
3030.5 6
3031 6
3031.5 6
3032 6
3032.5 6
3033 6
3033.5 6
3034 6
3034.5 6
3035 6
3035.5 6
3036 6
3036.5 6
3037 6
3037.5 6
3038 6
3038.5 6
3039 6
3039.5 6
3040 6
3040.5 6
3041 6
3041.5 6
3042 6
3042.5 6
3043 6
3043.5 6
3044 6
3044.5 6
3045 6
3045.5 6
3046 6
3046.5 6
3047 6
3047.5 6
3048 6
3048.5 6
3049 6
3049.5 6
3050 6
3050.5 6
3051 6
3051.5 6
3052 6
3052.5 6
3053 6
3053.5 6
3054 6
3054.5 6
3055 6
3055.5 6
3056 6
3056.5 6
3057 6
3057.5 6
3058 6
3058.5 6
3059 6
3059.5 6
3060 6
3060.5 6
3061 6
3061.5 6
3062 6
3062.5 6
3063 6
3063.5 6
3064 6
3064.5 6
3065 6
3065.5 6
3066 6
3066.5 6
3067 6
3067.5 6
3068 6
3068.5 6
3069 6
3069.5 6
3070 6
3070.5 6
3071 6
3071.5 6
3072 6
3072.5 6
3073 6
3073.5 6
3074 6
3074.5 6
3075 6
3075.5 6
3076 6
3076.5 6
3077 6
3077.5 6
3078 6
3078.5 6
3079 6
3079.5 6
3080 6
3080.5 6
3081 6
3081.5 6
3082 6
3082.5 6
3083 6
3083.5 6
3084 6
3084.5 6
3085 6
3085.5 6
3086 6
3086.5 6
3087 6
3087.5 6
3088 6
3088.5 6
3089 6
3089.5 6
3090 6
3090.5 6
3091 6
3091.5 6
3092 6
3092.5 6
3093 6
3093.5 6
3094 6
3094.5 6
3095 6
3095.5 6
3096 6
3096.5 6
3097 6
3097.5 6
3098 6
3098.5 6
3099 6
3099.5 6
3100 6
3100.5 6
3101 6
3101.5 6
3102 6
3102.5 6
3103 6
3103.5 6
3104 6
3104.5 6
3105 6
3105.5 6
3106 6
3106.5 6
3107 6
3107.5 6
3108 6
3108.5 6
3109 6
3109.5 6
3110 6
3110.5 6
3111 6
3111.5 6
3112 6
3112.5 6
3113 6
3113.5 6
3114 6
3114.5 6
3115 6
3115.5 6
3116 6
3116.5 6
3117 6
3117.5 6
3118 6
3118.5 6
3119 6
3119.5 6
3120 6
3120.5 6
3121 6
3121.5 6
3122 6
3122.5 6
3123 6
3123.5 6
3124 6
3124.5 6
3125 6
3125.5 6
3126 6
3126.5 6
3127 6
3127.5 6
3128 6
3128.5 6
3129 6
3129.5 6
3130 6
3130.5 6
3131 6
3131.5 6
3132 6
3132.5 6
3133 6
3133.5 6
3134 6
3134.5 6
3135 6
3135.5 6
3136 6
3136.5 6
3137 6
3137.5 6
3138 6
3138.5 6
3139 6
3139.5 6
3140 6
3140.5 6
3141 6
3141.5 6
3142 6
3142.5 6
3143 6
3143.5 6
3144 6
3144.5 6
3145 6
3145.5 6
3146 6
3146.5 6
3147 6
3147.5 6
3148 6
3148.5 6
3149 6
3149.5 6
3150 7
3150.5 7
3151 7
3151.5 7
3152 7
3152.5 7
3153 7
3153.5 7
3154 7
3154.5 7
3155 7
3155.5 7
3156 7
3156.5 7
3157 7
3157.5 7
3158 7
3158.5 7
3159 7
3159.5 7
3160 7
3160.5 7
3161 7
3161.5 7
3162 7
3162.5 7
3163 7
3163.5 7
3164 7
3164.5 7
3165 7
3165.5 7
3166 7
3166.5 7
3167 7
3167.5 7
3168 7
3168.5 7
3169 7
3169.5 7
3170 7
3170.5 7
3171 7
3171.5 7
3172 7
3172.5 7
3173 7
3173.5 7
3174 7
3174.5 7
3175 7
3175.5 7
3176 7
3176.5 7
3177 7
3177.5 7
3178 7
3178.5 7
3179 7
3179.5 7
3180 7
3180.5 7
3181 7
3181.5 7
3182 7
3182.5 7
3183 7
3183.5 7
3184 7
3184.5 7
3185 7
3185.5 7
3186 7
3186.5 7
3187 7
3187.5 7
3188 7
3188.5 7
3189 7
3189.5 7
3190 7
3190.5 7
3191 7
3191.5 7
3192 7
3192.5 7
3193 7
3193.5 7
3194 7
3194.5 7
3195 7
3195.5 7
3196 7
3196.5 7
3197 7
3197.5 7
3198 7
3198.5 7
3199 7
3199.5 7
3200 7
3200.5 7
3201 7
3201.5 7
3202 7
3202.5 7
3203 7
3203.5 7
3204 7
3204.5 7
3205 7
3205.5 7
3206 7
3206.5 7
3207 7
3207.5 7
3208 7
3208.5 7
3209 7
3209.5 7
3210 7
3210.5 7
3211 7
3211.5 7
3212 7
3212.5 7
3213 7
3213.5 7
3214 7
3214.5 7
3215 7
3215.5 7
3216 7
3216.5 7
3217 7
3217.5 7
3218 7
3218.5 7
3219 7
3219.5 7
3220 7
3220.5 7
3221 7
3221.5 7
3222 7
3222.5 7
3223 7
3223.5 7
3224 7
3224.5 7
3225 7
3225.5 7
3226 7
3226.5 7
3227 7
3227.5 7
3228 7
3228.5 7
3229 7
3229.5 7
3230 7
3230.5 7
3231 7
3231.5 7
3232 7
3232.5 7
3233 7
3233.5 7
3234 7
3234.5 7
3235 7
3235.5 7
3236 7
3236.5 7
3237 7
3237.5 7
3238 7
3238.5 7
3239 7
3239.5 7
3240 7
3240.5 7
3241 7
3241.5 7
3242 7
3242.5 7
3243 7
3243.5 7
3244 7
3244.5 7
3245 7
3245.5 7
3246 7
3246.5 7
3247 7
3247.5 7
3248 7
3248.5 7
3249 7
3249.5 7
3250 7
3250.5 7
3251 7
3251.5 7
3252 7
3252.5 7
3253 7
3253.5 7
3254 7
3254.5 7
3255 7
3255.5 7
3256 7
3256.5 7
3257 7
3257.5 7
3258 7
3258.5 7
3259 7
3259.5 7
3260 7
3260.5 7
3261 7
3261.5 7
3262 7
3262.5 7
3263 7
3263.5 7
3264 7
3264.5 7
3265 7
3265.5 7
3266 7
3266.5 7
3267 7
3267.5 7
3268 7
3268.5 7
3269 7
3269.5 7
3270 7
3270.5 7
3271 7
3271.5 7
3272 7
3272.5 7
3273 7
3273.5 7
3274 7
3274.5 7
3275 7
3275.5 7
3276 7
3276.5 7
3277 7
3277.5 7
3278 7
3278.5 7
3279 7
3279.5 7
3280 7
3280.5 7
3281 7
3281.5 7
3282 7
3282.5 7
3283 7
3283.5 7
3284 7
3284.5 7
3285 7
3285.5 7
3286 7
3286.5 7
3287 7
3287.5 7
3288 7
3288.5 7
3289 7
3289.5 7
3290 7
3290.5 7
3291 7
3291.5 7
3292 7
3292.5 7
3293 7
3293.5 7
3294 7
3294.5 7
3295 7
3295.5 7
3296 7
3296.5 7
3297 7
3297.5 7
3298 7
3298.5 7
3299 7
3299.5 7
3300 7
3300.5 7
3301 7
3301.5 7
3302 7
3302.5 7
3303 7
3303.5 7
3304 7
3304.5 7
3305 7
3305.5 7
3306 7
3306.5 7
3307 7
3307.5 7
3308 7
3308.5 7
3309 7
3309.5 7
3310 7
3310.5 7
3311 7
3311.5 7
3312 7
3312.5 7
3313 7
3313.5 7
3314 7
3314.5 7
3315 7
3315.5 7
3316 7
3316.5 7
3317 7
3317.5 7
3318 7
3318.5 7
3319 7
3319.5 7
3320 7
3320.5 7
3321 7
3321.5 7
3322 7
3322.5 7
3323 7
3323.5 7
3324 7
3324.5 7
3325 7
3325.5 7
3326 7
3326.5 7
3327 7
3327.5 7
3328 7
3328.5 7
3329 7
3329.5 7
3330 7
3330.5 7
3331 7
3331.5 7
3332 7
3332.5 7
3333 7
3333.5 7
3334 7
3334.5 7
3335 7
3335.5 7
3336 7
3336.5 7
3337 7
3337.5 7
3338 7
3338.5 7
3339 7
3339.5 7
3340 7
3340.5 7
3341 7
3341.5 7
3342 7
3342.5 7
3343 7
3343.5 7
3344 7
3344.5 7
3345 7
3345.5 7
3346 7
3346.5 7
3347 7
3347.5 7
3348 7
3348.5 7
3349 7
3349.5 7
3350 7
3350.5 7
3351 7
3351.5 7
3352 7
3352.5 7
3353 7
3353.5 7
3354 7
3354.5 7
3355 7
3355.5 7
3356 7
3356.5 7
3357 7
3357.5 7
3358 7
3358.5 7
3359 7
3359.5 7
3360 7
3360.5 7
3361 7
3361.5 7
3362 7
3362.5 7
3363 7
3363.5 7
3364 7
3364.5 7
3365 7
3365.5 7
3366 7
3366.5 7
3367 7
3367.5 7
3368 7
3368.5 7
3369 7
3369.5 7
3370 7
3370.5 7
3371 7
3371.5 7
3372 7
3372.5 7
3373 7
3373.5 7
3374 7
3374.5 7
3375 7
3375.5 7
3376 7
3376.5 7
3377 7
3377.5 7
3378 7
3378.5 7
3379 7
3379.5 7
3380 7
3380.5 7
3381 7
3381.5 7
3382 7
3382.5 7
3383 7
3383.5 7
3384 7
3384.5 7
3385 7
3385.5 7
3386 7
3386.5 7
3387 7
3387.5 7
3388 7
3388.5 7
3389 7
3389.5 7
3390 7
3390.5 7
3391 7
3391.5 7
3392 7
3392.5 7
3393 7
3393.5 7
3394 7
3394.5 7
3395 7
3395.5 7
3396 7
3396.5 7
3397 7
3397.5 7
3398 7
3398.5 7
3399 7
3399.5 7
3400 7
3400.5 7
3401 7
3401.5 7
3402 7
3402.5 7
3403 7
3403.5 7
3404 7
3404.5 7
3405 7
3405.5 7
3406 7
3406.5 7
3407 7
3407.5 7
3408 7
3408.5 7
3409 7
3409.5 7
3410 7
3410.5 7
3411 7
3411.5 7
3412 7
3412.5 7
3413 7
3413.5 7
3414 7
3414.5 7
3415 7
3415.5 7
3416 7
3416.5 7
3417 7
3417.5 7
3418 7
3418.5 7
3419 7
3419.5 7
3420 7
3420.5 7
3421 7
3421.5 7
3422 7
3422.5 7
3423 7
3423.5 7
3424 7
3424.5 7
3425 7
3425.5 7
3426 7
3426.5 7
3427 7
3427.5 7
3428 7
3428.5 7
3429 7
3429.5 7
3430 7
3430.5 7
3431 7
3431.5 7
3432 7
3432.5 7
3433 7
3433.5 7
3434 7
3434.5 7
3435 7
3435.5 7
3436 7
3436.5 7
3437 7
3437.5 7
3438 7
3438.5 7
3439 7
3439.5 7
3440 7
3440.5 7
3441 7
3441.5 7
3442 7
3442.5 7
3443 7
3443.5 7
3444 7
3444.5 7
3445 7
3445.5 7
3446 7
3446.5 7
3447 7
3447.5 7
3448 7
3448.5 7
3449 7
3449.5 7
3450 7
3450.5 7
3451 7
3451.5 7
3452 7
3452.5 7
3453 7
3453.5 7
3454 7
3454.5 7
3455 7
3455.5 7
3456 7
3456.5 7
3457 7
3457.5 7
3458 7
3458.5 7
3459 7
3459.5 7
3460 7
3460.5 7
3461 7
3461.5 7
3462 7
3462.5 7
3463 7
3463.5 7
3464 7
3464.5 7
3465 7
3465.5 7
3466 7
3466.5 7
3467 7
3467.5 7
3468 7
3468.5 7
3469 7
3469.5 7
3470 7
3470.5 7
3471 7
3471.5 7
3472 7
3472.5 7
3473 7
3473.5 7
3474 7
3474.5 7
3475 7
3475.5 7
3476 7
3476.5 7
3477 7
3477.5 7
3478 7
3478.5 7
3479 7
3479.5 7
3480 7
3480.5 7
3481 7
3481.5 7
3482 7
3482.5 7
3483 7
3483.5 7
3484 7
3484.5 7
3485 7
3485.5 7
3486 7
3486.5 7
3487 7
3487.5 7
3488 7
3488.5 7
3489 7
3489.5 7
3490 7
3490.5 7
3491 7
3491.5 7
3492 7
3492.5 7
3493 7
3493.5 7
3494 7
3494.5 7
3495 7
3495.5 7
3496 7
3496.5 7
3497 7
3497.5 7
3498 7
3498.5 7
3499 7
3499.5 7
3500 7
3500.5 7
3501 7
3501.5 7
3502 7
3502.5 7
3503 7
3503.5 7
3504 7
3504.5 7
3505 7
3505.5 7
3506 7
3506.5 7
3507 7
3507.5 7
3508 7
3508.5 7
3509 7
3509.5 7
3510 7
3510.5 7
3511 7
3511.5 7
3512 7
3512.5 7
3513 7
3513.5 7
3514 7
3514.5 7
3515 7
3515.5 7
3516 7
3516.5 7
3517 7
3517.5 7
3518 7
3518.5 7
3519 7
3519.5 7
3520 7
3520.5 7
3521 7
3521.5 7
3522 7
3522.5 7
3523 7
3523.5 7
3524 7
3524.5 7
3525 7
3525.5 7
3526 7
3526.5 7
3527 7
3527.5 7
3528 7
3528.5 7
3529 7
3529.5 7
3530 7
3530.5 7
3531 7
3531.5 7
3532 7
3532.5 7
3533 7
3533.5 7
3534 7
3534.5 7
3535 7
3535.5 7
3536 7
3536.5 7
3537 7
3537.5 7
3538 7
3538.5 7
3539 7
3539.5 7
3540 7
3540.5 7
3541 7
3541.5 7
3542 7
3542.5 7
3543 7
3543.5 7
3544 7
3544.5 7
3545 7
3545.5 7
3546 7
3546.5 7
3547 7
3547.5 7
3548 7
3548.5 7
3549 7
3549.5 7
3550 7
3550.5 7
3551 7
3551.5 7
3552 7
3552.5 7
3553 7
3553.5 7
3554 7
3554.5 7
3555 7
3555.5 7
3556 7
3556.5 7
3557 7
3557.5 7
3558 7
3558.5 7
3559 7
3559.5 7
3560 7
3560.5 7
3561 7
3561.5 7
3562 7
3562.5 7
3563 7
3563.5 7
3564 7
3564.5 7
3565 7
3565.5 7
3566 7
3566.5 7
3567 7
3567.5 7
3568 7
3568.5 7
3569 7
3569.5 7
3570 7
3570.5 7
3571 7
3571.5 7
3572 7
3572.5 7
3573 7
3573.5 7
3574 7
3574.5 7
3575 7
3575.5 7
3576 7
3576.5 7
3577 7
3577.5 7
3578 7
3578.5 7
3579 7
3579.5 7
3580 7
3580.5 7
3581 7
3581.5 7
3582 7
3582.5 7
3583 7
3583.5 7
3584 7
3584.5 7
3585 7
3585.5 7
3586 7
3586.5 7
3587 7
3587.5 7
3588 7
3588.5 7
3589 7
3589.5 7
3590 7
3590.5 7
3591 7
3591.5 7
3592 7
3592.5 7
3593 7
3593.5 7
3594 7
3594.5 7
3595 7
3595.5 7
3596 7
3596.5 7
3597 7
3597.5 7
3598 7
3598.5 7
3599 7
3599.5 7
3600 7
3600.5 7
3601 7
3601.5 7
3602 7
3602.5 7
3603 7
3603.5 7
3604 7
3604.5 7
3605 7
3605.5 7
3606 7
3606.5 7
3607 7
3607.5 7
3608 7
3608.5 7
3609 7
3609.5 7
3610 7
3610.5 7
3611 7
3611.5 7
3612 7
3612.5 7
3613 7
3613.5 7
3614 7
3614.5 7
3615 7
3615.5 7
3616 7
3616.5 7
3617 7
3617.5 7
3618 7
3618.5 7
3619 7
3619.5 7
3620 7
3620.5 7
3621 7
3621.5 7
3622 7
3622.5 7
3623 7
3623.5 7
3624 7
3624.5 7
3625 7
3625.5 7
3626 7
3626.5 7
3627 7
3627.5 7
3628 7
3628.5 7
3629 7
3629.5 7
3630 7
3630.5 7
3631 7
3631.5 7
3632 7
3632.5 7
3633 7
3633.5 7
3634 7
3634.5 7
3635 7
3635.5 7
3636 7
3636.5 7
3637 7
3637.5 7
3638 7
3638.5 7
3639 7
3639.5 7
3640 7
3640.5 7
3641 7
3641.5 7
3642 7
3642.5 7
3643 7
3643.5 7
3644 7
3644.5 7
3645 7
3645.5 7
3646 7
3646.5 7
3647 7
3647.5 7
3648 7
3648.5 7
3649 7
3649.5 7
3650 7
3650.5 7
3651 7
3651.5 7
3652 7
3652.5 7
3653 7
3653.5 7
3654 7
3654.5 7
3655 7
3655.5 7
3656 7
3656.5 7
3657 7
3657.5 7
3658 7
3658.5 7
3659 7
3659.5 7
3660 7
3660.5 7
3661 7
3661.5 7
3662 7
3662.5 7
3663 7
3663.5 7
3664 7
3664.5 7
3665 7
3665.5 7
3666 7
3666.5 7
3667 7
3667.5 7
3668 7
3668.5 7
3669 7
3669.5 7
3670 7
3670.5 7
3671 7
3671.5 7
3672 7
3672.5 7
3673 7
3673.5 7
3674 7
3674.5 7
3675 8
3675.5 8
3676 8
3676.5 8
3677 8
3677.5 8
3678 8
3678.5 8
3679 8
3679.5 8
3680 8
3680.5 8
3681 8
3681.5 8
3682 8
3682.5 8
3683 8
3683.5 8
3684 8
3684.5 8
3685 8
3685.5 8
3686 8
3686.5 8
3687 8
3687.5 8
3688 8
3688.5 8
3689 8
3689.5 8
3690 8
3690.5 8
3691 8
3691.5 8
3692 8
3692.5 8
3693 8
3693.5 8
3694 8
3694.5 8
3695 8
3695.5 8
3696 8
3696.5 8
3697 8
3697.5 8
3698 8
3698.5 8
3699 8
3699.5 8
3700 8
3700.5 8
3701 8
3701.5 8
3702 8
3702.5 8
3703 8
3703.5 8
3704 8
3704.5 8
3705 8
3705.5 8
3706 8
3706.5 8
3707 8
3707.5 8
3708 8
3708.5 8
3709 8
3709.5 8
3710 8
3710.5 8
3711 8
3711.5 8
3712 8
3712.5 8
3713 8
3713.5 8
3714 8
3714.5 8
3715 8
3715.5 8
3716 8
3716.5 8
3717 8
3717.5 8
3718 8
3718.5 8
3719 8
3719.5 8
3720 8
3720.5 8
3721 8
3721.5 8
3722 8
3722.5 8
3723 8
3723.5 8
3724 8
3724.5 8
3725 8
3725.5 8
3726 8
3726.5 8
3727 8
3727.5 8
3728 8
3728.5 8
3729 8
3729.5 8
3730 8
3730.5 8
3731 8
3731.5 8
3732 8
3732.5 8
3733 8
3733.5 8
3734 8
3734.5 8
3735 8
3735.5 8
3736 8
3736.5 8
3737 8
3737.5 8
3738 8
3738.5 8
3739 8
3739.5 8
3740 8
3740.5 8
3741 8
3741.5 8
3742 8
3742.5 8
3743 8
3743.5 8
3744 8
3744.5 8
3745 8
3745.5 8
3746 8
3746.5 8
3747 8
3747.5 8
3748 8
3748.5 8
3749 8
3749.5 8
3750 8
3750.5 8
3751 8
3751.5 8
3752 8
3752.5 8
3753 8
3753.5 8
3754 8
3754.5 8
3755 8
3755.5 8
3756 8
3756.5 8
3757 8
3757.5 8
3758 8
3758.5 8
3759 8
3759.5 8
3760 8
3760.5 8
3761 8
3761.5 8
3762 8
3762.5 8
3763 8
3763.5 8
3764 8
3764.5 8
3765 8
3765.5 8
3766 8
3766.5 8
3767 8
3767.5 8
3768 8
3768.5 8
3769 8
3769.5 8
3770 8
3770.5 8
3771 8
3771.5 8
3772 8
3772.5 8
3773 8
3773.5 8
3774 8
3774.5 8
3775 8
3775.5 8
3776 8
3776.5 8
3777 8
3777.5 8
3778 8
3778.5 8
3779 8
3779.5 8
3780 8
3780.5 8
3781 8
3781.5 8
3782 8
3782.5 8
3783 8
3783.5 8
3784 8
3784.5 8
3785 8
3785.5 8
3786 8
3786.5 8
3787 8
3787.5 8
3788 8
3788.5 8
3789 8
3789.5 8
3790 8
3790.5 8
3791 8
3791.5 8
3792 8
3792.5 8
3793 8
3793.5 8
3794 8
3794.5 8
3795 8
3795.5 8
3796 8
3796.5 8
3797 8
3797.5 8
3798 8
3798.5 8
3799 8
3799.5 8
3800 8
3800.5 8
3801 8
3801.5 8
3802 8
3802.5 8
3803 8
3803.5 8
3804 8
3804.5 8
3805 8
3805.5 8
3806 8
3806.5 8
3807 8
3807.5 8
3808 8
3808.5 8
3809 8
3809.5 8
3810 8
3810.5 8
3811 8
3811.5 8
3812 8
3812.5 8
3813 8
3813.5 8
3814 8
3814.5 8
3815 8
3815.5 8
3816 8
3816.5 8
3817 8
3817.5 8
3818 8
3818.5 8
3819 8
3819.5 8
3820 8
3820.5 8
3821 8
3821.5 8
3822 8
3822.5 8
3823 8
3823.5 8
3824 8
3824.5 8
3825 8
3825.5 8
3826 8
3826.5 8
3827 8
3827.5 8
3828 8
3828.5 8
3829 8
3829.5 8
3830 8
3830.5 8
3831 8
3831.5 8
3832 8
3832.5 8
3833 8
3833.5 8
3834 8
3834.5 8
3835 8
3835.5 8
3836 8
3836.5 8
3837 8
3837.5 8
3838 8
3838.5 8
3839 8
3839.5 8
3840 8
3840.5 8
3841 8
3841.5 8
3842 8
3842.5 8
3843 8
3843.5 8
3844 8
3844.5 8
3845 8
3845.5 8
3846 8
3846.5 8
3847 8
3847.5 8
3848 8
3848.5 8
3849 8
3849.5 8
3850 8
3850.5 8
3851 8
3851.5 8
3852 8
3852.5 8
3853 8
3853.5 8
3854 8
3854.5 8
3855 8
3855.5 8
3856 8
3856.5 8
3857 8
3857.5 8
3858 8
3858.5 8
3859 8
3859.5 8
3860 8
3860.5 8
3861 8
3861.5 8
3862 8
3862.5 8
3863 8
3863.5 8
3864 8
3864.5 8
3865 8
3865.5 8
3866 8
3866.5 8
3867 8
3867.5 8
3868 8
3868.5 8
3869 8
3869.5 8
3870 8
3870.5 8
3871 8
3871.5 8
3872 8
3872.5 8
3873 8
3873.5 8
3874 8
3874.5 8
3875 8
3875.5 8
3876 8
3876.5 8
3877 8
3877.5 8
3878 8
3878.5 8
3879 8
3879.5 8
3880 8
3880.5 8
3881 8
3881.5 8
3882 8
3882.5 8
3883 8
3883.5 8
3884 8
3884.5 8
3885 8
3885.5 8
3886 8
3886.5 8
3887 8
3887.5 8
3888 8
3888.5 8
3889 8
3889.5 8
3890 8
3890.5 8
3891 8
3891.5 8
3892 8
3892.5 8
3893 8
3893.5 8
3894 8
3894.5 8
3895 8
3895.5 8
3896 8
3896.5 8
3897 8
3897.5 8
3898 8
3898.5 8
3899 8
3899.5 8
3900 8
3900.5 8
3901 8
3901.5 8
3902 8
3902.5 8
3903 8
3903.5 8
3904 8
3904.5 8
3905 8
3905.5 8
3906 8
3906.5 8
3907 8
3907.5 8
3908 8
3908.5 8
3909 8
3909.5 8
3910 8
3910.5 8
3911 8
3911.5 8
3912 8
3912.5 8
3913 8
3913.5 8
3914 8
3914.5 8
3915 8
3915.5 8
3916 8
3916.5 8
3917 8
3917.5 8
3918 8
3918.5 8
3919 8
3919.5 8
3920 8
3920.5 8
3921 8
3921.5 8
3922 8
3922.5 8
3923 8
3923.5 8
3924 8
3924.5 8
3925 8
3925.5 8
3926 8
3926.5 8
3927 8
3927.5 8
3928 8
3928.5 8
3929 8
3929.5 8
3930 8
3930.5 8
3931 8
3931.5 8
3932 8
3932.5 8
3933 8
3933.5 8
3934 8
3934.5 8
3935 8
3935.5 8
3936 8
3936.5 8
3937 8
3937.5 8
3938 8
3938.5 8
3939 8
3939.5 8
3940 8
3940.5 8
3941 8
3941.5 8
3942 8
3942.5 8
3943 8
3943.5 8
3944 8
3944.5 8
3945 8
3945.5 8
3946 8
3946.5 8
3947 8
3947.5 8
3948 8
3948.5 8
3949 8
3949.5 8
3950 8
3950.5 8
3951 8
3951.5 8
3952 8
3952.5 8
3953 8
3953.5 8
3954 8
3954.5 8
3955 8
3955.5 8
3956 8
3956.5 8
3957 8
3957.5 8
3958 8
3958.5 8
3959 8
3959.5 8
3960 8
3960.5 8
3961 8
3961.5 8
3962 8
3962.5 8
3963 8
3963.5 8
3964 8
3964.5 8
3965 8
3965.5 8
3966 8
3966.5 8
3967 8
3967.5 8
3968 8
3968.5 8
3969 8
3969.5 8
3970 8
3970.5 8
3971 8
3971.5 8
3972 8
3972.5 8
3973 8
3973.5 8
3974 8
3974.5 8
3975 8
3975.5 8
3976 8
3976.5 8
3977 8
3977.5 8
3978 8
3978.5 8
3979 8
3979.5 8
3980 8
3980.5 8
3981 8
3981.5 8
3982 8
3982.5 8
3983 8
3983.5 8
3984 8
3984.5 8
3985 8
3985.5 8
3986 8
3986.5 8
3987 8
3987.5 8
3988 8
3988.5 8
3989 8
3989.5 8
3990 8
3990.5 8
3991 8
3991.5 8
3992 8
3992.5 8
3993 8
3993.5 8
3994 8
3994.5 8
3995 8
3995.5 8
3996 8
3996.5 8
3997 8
3997.5 8
3998 8
3998.5 8
3999 8
3999.5 8
4000 8
4000.5 8
4001 8
4001.5 8
4002 8
4002.5 8
4003 8
4003.5 8
4004 8
4004.5 8
4005 8
4005.5 8
4006 8
4006.5 8
4007 8
4007.5 8
4008 8
4008.5 8
4009 8
4009.5 8
4010 8
4010.5 8
4011 8
4011.5 8
4012 8
4012.5 8
4013 8
4013.5 8
4014 8
4014.5 8
4015 8
4015.5 8
4016 8
4016.5 8
4017 8
4017.5 8
4018 8
4018.5 8
4019 8
4019.5 8
4020 8
4020.5 8
4021 8
4021.5 8
4022 8
4022.5 8
4023 8
4023.5 8
4024 8
4024.5 8
4025 8
4025.5 8
4026 8
4026.5 8
4027 8
4027.5 8
4028 8
4028.5 8
4029 8
4029.5 8
4030 8
4030.5 8
4031 8
4031.5 8
4032 8
4032.5 8
4033 8
4033.5 8
4034 8
4034.5 8
4035 8
4035.5 8
4036 8
4036.5 8
4037 8
4037.5 8
4038 8
4038.5 8
4039 8
4039.5 8
4040 8
4040.5 8
4041 8
4041.5 8
4042 8
4042.5 8
4043 8
4043.5 8
4044 8
4044.5 8
4045 8
4045.5 8
4046 8
4046.5 8
4047 8
4047.5 8
4048 8
4048.5 8
4049 8
4049.5 8
4050 8
4050.5 8
4051 8
4051.5 8
4052 8
4052.5 8
4053 8
4053.5 8
4054 8
4054.5 8
4055 8
4055.5 8
4056 8
4056.5 8
4057 8
4057.5 8
4058 8
4058.5 8
4059 8
4059.5 8
4060 8
4060.5 8
4061 8
4061.5 8
4062 8
4062.5 8
4063 8
4063.5 8
4064 8
4064.5 8
4065 8
4065.5 8
4066 8
4066.5 8
4067 8
4067.5 8
4068 8
4068.5 8
4069 8
4069.5 8
4070 8
4070.5 8
4071 8
4071.5 8
4072 8
4072.5 8
4073 8
4073.5 8
4074 8
4074.5 8
4075 8
4075.5 8
4076 8
4076.5 8
4077 8
4077.5 8
4078 8
4078.5 8
4079 8
4079.5 8
4080 8
4080.5 8
4081 8
4081.5 8
4082 8
4082.5 8
4083 8
4083.5 8
4084 8
4084.5 8
4085 8
4085.5 8
4086 8
4086.5 8
4087 8
4087.5 8
4088 8
4088.5 8
4089 8
4089.5 8
4090 8
4090.5 8
4091 8
4091.5 8
4092 8
4092.5 8
4093 8
4093.5 8
4094 8
4094.5 8
4095 8
4095.5 8
4096 8
4096.5 8
4097 8
4097.5 8
4098 8
4098.5 8
4099 8
4099.5 8
4100 8
4100.5 8
4101 8
4101.5 8
4102 8
4102.5 8
4103 8
4103.5 8
4104 8
4104.5 8
4105 8
4105.5 8
4106 8
4106.5 8
4107 8
4107.5 8
4108 8
4108.5 8
4109 8
4109.5 8
4110 8
4110.5 8
4111 8
4111.5 8
4112 8
4112.5 8
4113 8
4113.5 8
4114 8
4114.5 8
4115 8
4115.5 8
4116 8
4116.5 8
4117 8
4117.5 8
4118 8
4118.5 8
4119 8
4119.5 8
4120 8
4120.5 8
4121 8
4121.5 8
4122 8
4122.5 8
4123 8
4123.5 8
4124 8
4124.5 8
4125 8
4125.5 8
4126 8
4126.5 8
4127 8
4127.5 8
4128 8
4128.5 8
4129 8
4129.5 8
4130 8
4130.5 8
4131 8
4131.5 8
4132 8
4132.5 8
4133 8
4133.5 8
4134 8
4134.5 8
4135 8
4135.5 8
4136 8
4136.5 8
4137 8
4137.5 8
4138 8
4138.5 8
4139 8
4139.5 8
4140 8
4140.5 8
4141 8
4141.5 8
4142 8
4142.5 8
4143 8
4143.5 8
4144 8
4144.5 8
4145 8
4145.5 8
4146 8
4146.5 8
4147 8
4147.5 8
4148 8
4148.5 8
4149 8
4149.5 8
4150 8
4150.5 8
4151 8
4151.5 8
4152 8
4152.5 8
4153 8
4153.5 8
4154 8
4154.5 8
4155 8
4155.5 8
4156 8
4156.5 8
4157 8
4157.5 8
4158 8
4158.5 8
4159 8
4159.5 8
4160 8
4160.5 8
4161 8
4161.5 8
4162 8
4162.5 8
4163 8
4163.5 8
4164 8
4164.5 8
4165 8
4165.5 8
4166 8
4166.5 8
4167 8
4167.5 8
4168 8
4168.5 8
4169 8
4169.5 8
4170 8
4170.5 8
4171 8
4171.5 8
4172 8
4172.5 8
4173 8
4173.5 8
4174 8
4174.5 8
4175 8
4175.5 8
4176 8
4176.5 8
4177 8
4177.5 8
4178 8
4178.5 8
4179 8
4179.5 8
4180 8
4180.5 8
4181 8
4181.5 8
4182 8
4182.5 8
4183 8
4183.5 8
4184 8
4184.5 8
4185 8
4185.5 8
4186 8
4186.5 8
4187 8
4187.5 8
4188 8
4188.5 8
4189 8
4189.5 8
4190 8
4190.5 8
4191 8
4191.5 8
4192 8
4192.5 8
4193 8
4193.5 8
4194 8
4194.5 8
4195 8
4195.5 8
4196 8
4196.5 8
4197 8
4197.5 8
4198 8
4198.5 8
4199 8
4199.5 8
4200 9
4200.5 9
4201 9
4201.5 9
4202 9
4202.5 9
4203 9
4203.5 9
4204 9
4204.5 9
4205 9
4205.5 9
4206 9
4206.5 9
4207 9
4207.5 9
4208 9
4208.5 9
4209 9
4209.5 9
4210 9
4210.5 9
4211 9
4211.5 9
4212 9
4212.5 9
4213 9
4213.5 9
4214 9
4214.5 9
4215 9
4215.5 9
4216 9
4216.5 9
4217 9
4217.5 9
4218 9
4218.5 9
4219 9
4219.5 9
4220 9
4220.5 9
4221 9
4221.5 9
4222 9
4222.5 9
4223 9
4223.5 9
4224 9
4224.5 9
4225 9
4225.5 9
4226 9
4226.5 9
4227 9
4227.5 9
4228 9
4228.5 9
4229 9
4229.5 9
4230 9
4230.5 9
4231 9
4231.5 9
4232 9
4232.5 9
4233 9
4233.5 9
4234 9
4234.5 9
4235 9
4235.5 9
4236 9
4236.5 9
4237 9
4237.5 9
4238 9
4238.5 9
4239 9
4239.5 9
4240 9
4240.5 9
4241 9
4241.5 9
4242 9
4242.5 9
4243 9
4243.5 9
4244 9
4244.5 9
4245 9
4245.5 9
4246 9
4246.5 9
4247 9
4247.5 9
4248 9
4248.5 9
4249 9
4249.5 9
4250 9
4250.5 9
4251 9
4251.5 9
4252 9
4252.5 9
4253 9
4253.5 9
4254 9
4254.5 9
4255 9
4255.5 9
4256 9
4256.5 9
4257 9
4257.5 9
4258 9
4258.5 9
4259 9
4259.5 9
4260 9
4260.5 9
4261 9
4261.5 9
4262 9
4262.5 9
4263 9
4263.5 9
4264 9
4264.5 9
4265 9
4265.5 9
4266 9
4266.5 9
4267 9
4267.5 9
4268 9
4268.5 9
4269 9
4269.5 9
4270 9
4270.5 9
4271 9
4271.5 9
4272 9
4272.5 9
4273 9
4273.5 9
4274 9
4274.5 9
4275 9
4275.5 9
4276 9
4276.5 9
4277 9
4277.5 9
4278 9
4278.5 9
4279 9
4279.5 9
4280 9
4280.5 9
4281 9
4281.5 9
4282 9
4282.5 9
4283 9
4283.5 9
4284 9
4284.5 9
4285 9
4285.5 9
4286 9
4286.5 9
4287 9
4287.5 9
4288 9
4288.5 9
4289 9
4289.5 9
4290 9
4290.5 9
4291 9
4291.5 9
4292 9
4292.5 9
4293 9
4293.5 9
4294 9
4294.5 9
4295 9
4295.5 9
4296 9
4296.5 9
4297 9
4297.5 9
4298 9
4298.5 9
4299 9
4299.5 9
4300 9
4300.5 9
4301 9
4301.5 9
4302 9
4302.5 9
4303 9
4303.5 9
4304 9
4304.5 9
4305 9
4305.5 9
4306 9
4306.5 9
4307 9
4307.5 9
4308 9
4308.5 9
4309 9
4309.5 9
4310 9
4310.5 9
4311 9
4311.5 9
4312 9
4312.5 9
4313 9
4313.5 9
4314 9
4314.5 9
4315 9
4315.5 9
4316 9
4316.5 9
4317 9
4317.5 9
4318 9
4318.5 9
4319 9
4319.5 9
4320 9
4320.5 9
4321 9
4321.5 9
4322 9
4322.5 9
4323 9
4323.5 9
4324 9
4324.5 9
4325 9
4325.5 9
4326 9
4326.5 9
4327 9
4327.5 9
4328 9
4328.5 9
4329 9
4329.5 9
4330 9
4330.5 9
4331 9
4331.5 9
4332 9
4332.5 9
4333 9
4333.5 9
4334 9
4334.5 9
4335 9
4335.5 9
4336 9
4336.5 9
4337 9
4337.5 9
4338 9
4338.5 9
4339 9
4339.5 9
4340 9
4340.5 9
4341 9
4341.5 9
4342 9
4342.5 9
4343 9
4343.5 9
4344 9
4344.5 9
4345 9
4345.5 9
4346 9
4346.5 9
4347 9
4347.5 9
4348 9
4348.5 9
4349 9
4349.5 9
4350 9
4350.5 9
4351 9
4351.5 9
4352 9
4352.5 9
4353 9
4353.5 9
4354 9
4354.5 9
4355 9
4355.5 9
4356 9
4356.5 9
4357 9
4357.5 9
4358 9
4358.5 9
4359 9
4359.5 9
4360 9
4360.5 9
4361 9
4361.5 9
4362 9
4362.5 9
4363 9
4363.5 9
4364 9
4364.5 9
4365 9
4365.5 9
4366 9
4366.5 9
4367 9
4367.5 9
4368 9
4368.5 9
4369 9
4369.5 9
4370 9
4370.5 9
4371 9
4371.5 9
4372 9
4372.5 9
4373 9
4373.5 9
4374 9
4374.5 9
4375 9
4375.5 9
4376 9
4376.5 9
4377 9
4377.5 9
4378 9
4378.5 9
4379 9
4379.5 9
4380 9
4380.5 9
4381 9
4381.5 9
4382 9
4382.5 9
4383 9
4383.5 9
4384 9
4384.5 9
4385 9
4385.5 9
4386 9
4386.5 9
4387 9
4387.5 9
4388 9
4388.5 9
4389 9
4389.5 9
4390 9
4390.5 9
4391 9
4391.5 9
4392 9
4392.5 9
4393 9
4393.5 9
4394 9
4394.5 9
4395 9
4395.5 9
4396 9
4396.5 9
4397 9
4397.5 9
4398 9
4398.5 9
4399 9
4399.5 9
4400 9
4400.5 9
4401 9
4401.5 9
4402 9
4402.5 9
4403 9
4403.5 9
4404 9
4404.5 9
4405 9
4405.5 9
4406 9
4406.5 9
4407 9
4407.5 9
4408 9
4408.5 9
4409 9
4409.5 9
4410 9
4410.5 9
4411 9
4411.5 9
4412 9
4412.5 9
4413 9
4413.5 9
4414 9
4414.5 9
4415 9
4415.5 9
4416 9
4416.5 9
4417 9
4417.5 9
4418 9
4418.5 9
4419 9
4419.5 9
4420 9
4420.5 9
4421 9
4421.5 9
4422 9
4422.5 9
4423 9
4423.5 9
4424 9
4424.5 9
4425 9
4425.5 9
4426 9
4426.5 9
4427 9
4427.5 9
4428 9
4428.5 9
4429 9
4429.5 9
4430 9
4430.5 9
4431 9
4431.5 9
4432 9
4432.5 9
4433 9
4433.5 9
4434 9
4434.5 9
4435 9
4435.5 9
4436 9
4436.5 9
4437 9
4437.5 9
4438 9
4438.5 9
4439 9
4439.5 9
4440 9
4440.5 9
4441 9
4441.5 9
4442 9
4442.5 9
4443 9
4443.5 9
4444 9
4444.5 9
4445 9
4445.5 9
4446 9
4446.5 9
4447 9
4447.5 9
4448 9
4448.5 9
4449 9
4449.5 9
4450 9
4450.5 9
4451 9
4451.5 9
4452 9
4452.5 9
4453 9
4453.5 9
4454 9
4454.5 9
4455 9
4455.5 9
4456 9
4456.5 9
4457 9
4457.5 9
4458 9
4458.5 9
4459 9
4459.5 9
4460 9
4460.5 9
4461 9
4461.5 9
4462 9
4462.5 9
4463 9
4463.5 9
4464 9
4464.5 9
4465 9
4465.5 9
4466 9
4466.5 9
4467 9
4467.5 9
4468 9
4468.5 9
4469 9
4469.5 9
4470 9
4470.5 9
4471 9
4471.5 9
4472 9
4472.5 9
4473 9
4473.5 9
4474 9
4474.5 9
4475 9
4475.5 9
4476 9
4476.5 9
4477 9
4477.5 9
4478 9
4478.5 9
4479 9
4479.5 9
4480 9
4480.5 9
4481 9
4481.5 9
4482 9
4482.5 9
4483 9
4483.5 9
4484 9
4484.5 9
4485 9
4485.5 9
4486 9
4486.5 9
4487 9
4487.5 9
4488 9
4488.5 9
4489 9
4489.5 9
4490 9
4490.5 9
4491 9
4491.5 9
4492 9
4492.5 9
4493 9
4493.5 9
4494 9
4494.5 9
4495 9
4495.5 9
4496 9
4496.5 9
4497 9
4497.5 9
4498 9
4498.5 9
4499 9
4499.5 9
4500 9
4500.5 9
4501 9
4501.5 9
4502 9
4502.5 9
4503 9
4503.5 9
4504 9
4504.5 9
4505 9
4505.5 9
4506 9
4506.5 9
4507 9
4507.5 9
4508 9
4508.5 9
4509 9
4509.5 9
4510 9
4510.5 9
4511 9
4511.5 9
4512 9
4512.5 9
4513 9
4513.5 9
4514 9
4514.5 9
4515 9
4515.5 9
4516 9
4516.5 9
4517 9
4517.5 9
4518 9
4518.5 9
4519 9
4519.5 9
4520 9
4520.5 9
4521 9
4521.5 9
4522 9
4522.5 9
4523 9
4523.5 9
4524 9
4524.5 9
4525 9
4525.5 9
4526 9
4526.5 9
4527 9
4527.5 9
4528 9
4528.5 9
4529 9
4529.5 9
4530 9
4530.5 9
4531 9
4531.5 9
4532 9
4532.5 9
4533 9
4533.5 9
4534 9
4534.5 9
4535 9
4535.5 9
4536 9
4536.5 9
4537 9
4537.5 9
4538 9
4538.5 9
4539 9
4539.5 9
4540 9
4540.5 9
4541 9
4541.5 9
4542 9
4542.5 9
4543 9
4543.5 9
4544 9
4544.5 9
4545 9
4545.5 9
4546 9
4546.5 9
4547 9
4547.5 9
4548 9
4548.5 9
4549 9
4549.5 9
4550 9
4550.5 9
4551 9
4551.5 9
4552 9
4552.5 9
4553 9
4553.5 9
4554 9
4554.5 9
4555 9
4555.5 9
4556 9
4556.5 9
4557 9
4557.5 9
4558 9
4558.5 9
4559 9
4559.5 9
4560 9
4560.5 9
4561 9
4561.5 9
4562 9
4562.5 9
4563 9
4563.5 9
4564 9
4564.5 9
4565 9
4565.5 9
4566 9
4566.5 9
4567 9
4567.5 9
4568 9
4568.5 9
4569 9
4569.5 9
4570 9
4570.5 9
4571 9
4571.5 9
4572 9
4572.5 9
4573 9
4573.5 9
4574 9
4574.5 9
4575 9
4575.5 9
4576 9
4576.5 9
4577 9
4577.5 9
4578 9
4578.5 9
4579 9
4579.5 9
4580 9
4580.5 9
4581 9
4581.5 9
4582 9
4582.5 9
4583 9
4583.5 9
4584 9
4584.5 9
4585 9
4585.5 9
4586 9
4586.5 9
4587 9
4587.5 9
4588 9
4588.5 9
4589 9
4589.5 9
4590 9
4590.5 9
4591 9
4591.5 9
4592 9
4592.5 9
4593 9
4593.5 9
4594 9
4594.5 9
4595 9
4595.5 9
4596 9
4596.5 9
4597 9
4597.5 9
4598 9
4598.5 9
4599 9
4599.5 9
4600 9
4600.5 9
4601 9
4601.5 9
4602 9
4602.5 9
4603 9
4603.5 9
4604 9
4604.5 9
4605 9
4605.5 9
4606 9
4606.5 9
4607 9
4607.5 9
4608 9
4608.5 9
4609 9
4609.5 9
4610 9
4610.5 9
4611 9
4611.5 9
4612 9
4612.5 9
4613 9
4613.5 9
4614 9
4614.5 9
4615 9
4615.5 9
4616 9
4616.5 9
4617 9
4617.5 9
4618 9
4618.5 9
4619 9
4619.5 9
4620 9
4620.5 9
4621 9
4621.5 9
4622 9
4622.5 9
4623 9
4623.5 9
4624 9
4624.5 9
4625 9
4625.5 9
4626 9
4626.5 9
4627 9
4627.5 9
4628 9
4628.5 9
4629 9
4629.5 9
4630 9
4630.5 9
4631 9
4631.5 9
4632 9
4632.5 9
4633 9
4633.5 9
4634 9
4634.5 9
4635 9
4635.5 9
4636 9
4636.5 9
4637 9
4637.5 9
4638 9
4638.5 9
4639 9
4639.5 9
4640 9
4640.5 9
4641 9
4641.5 9
4642 9
4642.5 9
4643 9
4643.5 9
4644 9
4644.5 9
4645 9
4645.5 9
4646 9
4646.5 9
4647 9
4647.5 9
4648 9
4648.5 9
4649 9
4649.5 9
4650 9
4650.5 9
4651 9
4651.5 9
4652 9
4652.5 9
4653 9
4653.5 9
4654 9
4654.5 9
4655 9
4655.5 9
4656 9
4656.5 9
4657 9
4657.5 9
4658 9
4658.5 9
4659 9
4659.5 9
4660 9
4660.5 9
4661 9
4661.5 9
4662 9
4662.5 9
4663 9
4663.5 9
4664 9
4664.5 9
4665 9
4665.5 9
4666 9
4666.5 9
4667 9
4667.5 9
4668 9
4668.5 9
4669 9
4669.5 9
4670 9
4670.5 9
4671 9
4671.5 9
4672 9
4672.5 9
4673 9
4673.5 9
4674 9
4674.5 9
4675 9
4675.5 9
4676 9
4676.5 9
4677 9
4677.5 9
4678 9
4678.5 9
4679 9
4679.5 9
4680 9
4680.5 9
4681 9
4681.5 9
4682 9
4682.5 9
4683 9
4683.5 9
4684 9
4684.5 9
4685 9
4685.5 9
4686 9
4686.5 9
4687 9
4687.5 9
4688 9
4688.5 9
4689 9
4689.5 9
4690 9
4690.5 9
4691 9
4691.5 9
4692 9
4692.5 9
4693 9
4693.5 9
4694 9
4694.5 9
4695 9
4695.5 9
4696 9
4696.5 9
4697 9
4697.5 9
4698 9
4698.5 9
4699 9
4699.5 9
4700 9
4700.5 9
4701 9
4701.5 9
4702 9
4702.5 9
4703 9
4703.5 9
4704 9
4704.5 9
4705 9
4705.5 9
4706 9
4706.5 9
4707 9
4707.5 9
4708 9
4708.5 9
4709 9
4709.5 9
4710 9
4710.5 9
4711 9
4711.5 9
4712 9
4712.5 9
4713 9
4713.5 9
4714 9
4714.5 9
4715 9
4715.5 9
4716 9
4716.5 9
4717 9
4717.5 9
4718 9
4718.5 9
4719 9
4719.5 9
4720 9
4720.5 9
4721 9
4721.5 9
4722 9
4722.5 9
4723 9
4723.5 9
4724 9
4724.5 9
