# Table format: 1D
# Input signal 3 of FADEC_FLOW_Demand_5D.txt: Mach vs time
# axis1_unit = s
0 0
1 0
2 0
3 0
4 0
5 0
6 0
7 0
8 0
9 0
10 0
11 0
12 0
13 0
14 0
15 0
16 0
17 0
18 0
19 0
20 0
21 0.3
22 0.3
23 0.3
24 0.3
25 0.3
26 0.3
27 0.3
28 0.3
29 0.3
30 0.3
31 0.3
32 0.3
33 0.3
34 0.3
35 0.3
36 0.3
37 0.3
38 0.3
39 0.3
40 0.3
41 0.3
42 0.6
43 0.6
44 0.6
45 0.6
46 0.6
47 0.6
48 0.6
49 0.6
50 0.6
51 0.6
52 0.6
53 0.6
54 0.6
55 0.6
56 0.6
57 0.6
58 0.6
59 0.6
60 0.6
61 0.6
62 0.6
63 0.9
64 0.9
65 0.9
66 0.9
67 0.9
68 0.9
69 0.9
70 0.9
71 0.9
72 0.9
73 0.9
74 0.9
75 0.9
76 0.9
77 0.9
78 0.9
79 0.9
80 0.9
81 0.9
82 0.9
83 0.9
84 1.2
85 1.2
86 1.2
87 1.2
88 1.2
89 1.2
90 1.2
91 1.2
92 1.2
93 1.2
94 1.2
95 1.2
96 1.2
97 1.2
98 1.2
99 1.2
100 1.2
101 1.2
102 1.2
103 1.2
104 1.2
105 0
106 0
107 0
108 0
109 0
110 0
111 0
112 0
113 0
114 0
115 0
116 0
117 0
118 0
119 0
120 0
121 0
122 0
123 0
124 0
125 0
126 0.3
127 0.3
128 0.3
129 0.3
130 0.3
131 0.3
132 0.3
133 0.3
134 0.3
135 0.3
136 0.3
137 0.3
138 0.3
139 0.3
140 0.3
141 0.3
142 0.3
143 0.3
144 0.3
145 0.3
146 0.3
147 0.6
148 0.6
149 0.6
150 0.6
151 0.6
152 0.6
153 0.6
154 0.6
155 0.6
156 0.6
157 0.6
158 0.6
159 0.6
160 0.6
161 0.6
162 0.6
163 0.6
164 0.6
165 0.6
166 0.6
167 0.6
168 0.9
169 0.9
170 0.9
171 0.9
172 0.9
173 0.9
174 0.9
175 0.9
176 0.9
177 0.9
178 0.9
179 0.9
180 0.9
181 0.9
182 0.9
183 0.9
184 0.9
185 0.9
186 0.9
187 0.9
188 0.9
189 1.2
190 1.2
191 1.2
192 1.2
193 1.2
194 1.2
195 1.2
196 1.2
197 1.2
198 1.2
199 1.2
200 1.2
201 1.2
202 1.2
203 1.2
204 1.2
205 1.2
206 1.2
207 1.2
208 1.2
209 1.2
210 0
211 0
212 0
213 0
214 0
215 0
216 0
217 0
218 0
219 0
220 0
221 0
222 0
223 0
224 0
225 0
226 0
227 0
228 0
229 0
230 0
231 0.3
232 0.3
233 0.3
234 0.3
235 0.3
236 0.3
237 0.3
238 0.3
239 0.3
240 0.3
241 0.3
242 0.3
243 0.3
244 0.3
245 0.3
246 0.3
247 0.3
248 0.3
249 0.3
250 0.3
251 0.3
252 0.6
253 0.6
254 0.6
255 0.6
256 0.6
257 0.6
258 0.6
259 0.6
260 0.6
261 0.6
262 0.6
263 0.6
264 0.6
265 0.6
266 0.6
267 0.6
268 0.6
269 0.6
270 0.6
271 0.6
272 0.6
273 0.9
274 0.9
275 0.9
276 0.9
277 0.9
278 0.9
279 0.9
280 0.9
281 0.9
282 0.9
283 0.9
284 0.9
285 0.9
286 0.9
287 0.9
288 0.9
289 0.9
290 0.9
291 0.9
292 0.9
293 0.9
294 1.2
295 1.2
296 1.2
297 1.2
298 1.2
299 1.2
300 1.2
301 1.2
302 1.2
303 1.2
304 1.2
305 1.2
306 1.2
307 1.2
308 1.2
309 1.2
310 1.2
311 1.2
312 1.2
313 1.2
314 1.2
315 0
316 0
317 0
318 0
319 0
320 0
321 0
322 0
323 0
324 0
325 0
326 0
327 0
328 0
329 0
330 0
331 0
332 0
333 0
334 0
335 0
336 0.3
337 0.3
338 0.3
339 0.3
340 0.3
341 0.3
342 0.3
343 0.3
344 0.3
345 0.3
346 0.3
347 0.3
348 0.3
349 0.3
350 0.3
351 0.3
352 0.3
353 0.3
354 0.3
355 0.3
356 0.3
357 0.6
358 0.6
359 0.6
360 0.6
361 0.6
362 0.6
363 0.6
364 0.6
365 0.6
366 0.6
367 0.6
368 0.6
369 0.6
370 0.6
371 0.6
372 0.6
373 0.6
374 0.6
375 0.6
376 0.6
377 0.6
378 0.9
379 0.9
380 0.9
381 0.9
382 0.9
383 0.9
384 0.9
385 0.9
386 0.9
387 0.9
388 0.9
389 0.9
390 0.9
391 0.9
392 0.9
393 0.9
394 0.9
395 0.9
396 0.9
397 0.9
398 0.9
399 1.2
400 1.2
401 1.2
402 1.2
403 1.2
404 1.2
405 1.2
406 1.2
407 1.2
408 1.2
409 1.2
410 1.2
411 1.2
412 1.2
413 1.2
414 1.2
415 1.2
416 1.2
417 1.2
418 1.2
419 1.2
420 0
421 0
422 0
423 0
424 0
425 0
426 0
427 0
428 0
429 0
430 0
431 0
432 0
433 0
434 0
435 0
436 0
437 0
438 0
439 0
440 0
441 0.3
442 0.3
443 0.3
444 0.3
445 0.3
446 0.3
447 0.3
448 0.3
449 0.3
450 0.3
451 0.3
452 0.3
453 0.3
454 0.3
455 0.3
456 0.3
457 0.3
458 0.3
459 0.3
460 0.3
461 0.3
462 0.6
463 0.6
464 0.6
465 0.6
466 0.6
467 0.6
468 0.6
469 0.6
470 0.6
471 0.6
472 0.6
473 0.6
474 0.6
475 0.6
476 0.6
477 0.6
478 0.6
479 0.6
480 0.6
481 0.6
482 0.6
483 0.9
484 0.9
485 0.9
486 0.9
487 0.9
488 0.9
489 0.9
490 0.9
491 0.9
492 0.9
493 0.9
494 0.9
495 0.9
496 0.9
497 0.9
498 0.9
499 0.9
500 0.9
501 0.9
502 0.9
503 0.9
504 1.2
505 1.2
506 1.2
507 1.2
508 1.2
509 1.2
510 1.2
511 1.2
512 1.2
513 1.2
514 1.2
515 1.2
516 1.2
517 1.2
518 1.2
519 1.2
520 1.2
521 1.2
522 1.2
523 1.2
524 1.2
525 0
526 0
527 0
528 0
529 0
530 0
531 0
532 0
533 0
534 0
535 0
536 0
537 0
538 0
539 0
540 0
541 0
542 0
543 0
544 0
545 0
546 0.3
547 0.3
548 0.3
549 0.3
550 0.3
551 0.3
552 0.3
553 0.3
554 0.3
555 0.3
556 0.3
557 0.3
558 0.3
559 0.3
560 0.3
561 0.3
562 0.3
563 0.3
564 0.3
565 0.3
566 0.3
567 0.6
568 0.6
569 0.6
570 0.6
571 0.6
572 0.6
573 0.6
574 0.6
575 0.6
576 0.6
577 0.6
578 0.6
579 0.6
580 0.6
581 0.6
582 0.6
583 0.6
584 0.6
585 0.6
586 0.6
587 0.6
588 0.9
589 0.9
590 0.9
591 0.9
592 0.9
593 0.9
594 0.9
595 0.9
596 0.9
597 0.9
598 0.9
599 0.9
600 0.9
601 0.9
602 0.9
603 0.9
604 0.9
605 0.9
606 0.9
607 0.9
608 0.9
609 1.2
610 1.2
611 1.2
612 1.2
613 1.2
614 1.2
615 1.2
616 1.2
617 1.2
618 1.2
619 1.2
620 1.2
621 1.2
622 1.2
623 1.2
624 1.2
625 1.2
626 1.2
627 1.2
628 1.2
629 1.2
630 0
631 0
632 0
633 0
634 0
635 0
636 0
637 0
638 0
639 0
640 0
641 0
642 0
643 0
644 0
645 0
646 0
647 0
648 0
649 0
650 0
651 0.3
652 0.3
653 0.3
654 0.3
655 0.3
656 0.3
657 0.3
658 0.3
659 0.3
660 0.3
661 0.3
662 0.3
663 0.3
664 0.3
665 0.3
666 0.3
667 0.3
668 0.3
669 0.3
670 0.3
671 0.3
672 0.6
673 0.6
674 0.6
675 0.6
676 0.6
677 0.6
678 0.6
679 0.6
680 0.6
681 0.6
682 0.6
683 0.6
684 0.6
685 0.6
686 0.6
687 0.6
688 0.6
689 0.6
690 0.6
691 0.6
692 0.6
693 0.9
694 0.9
695 0.9
696 0.9
697 0.9
698 0.9
699 0.9
700 0.9
701 0.9
702 0.9
703 0.9
704 0.9
705 0.9
706 0.9
707 0.9
708 0.9
709 0.9
710 0.9
711 0.9
712 0.9
713 0.9
714 1.2
715 1.2
716 1.2
717 1.2
718 1.2
719 1.2
720 1.2
721 1.2
722 1.2
723 1.2
724 1.2
725 1.2
726 1.2
727 1.2
728 1.2
729 1.2
730 1.2
731 1.2
732 1.2
733 1.2
734 1.2
735 0
736 0
737 0
738 0
739 0
740 0
741 0
742 0
743 0
744 0
745 0
746 0
747 0
748 0
749 0
750 0
751 0
752 0
753 0
754 0
755 0
756 0.3
757 0.3
758 0.3
759 0.3
760 0.3
761 0.3
762 0.3
763 0.3
764 0.3
765 0.3
766 0.3
767 0.3
768 0.3
769 0.3
770 0.3
771 0.3
772 0.3
773 0.3
774 0.3
775 0.3
776 0.3
777 0.6
778 0.6
779 0.6
780 0.6
781 0.6
782 0.6
783 0.6
784 0.6
785 0.6
786 0.6
787 0.6
788 0.6
789 0.6
790 0.6
791 0.6
792 0.6
793 0.6
794 0.6
795 0.6
796 0.6
797 0.6
798 0.9
799 0.9
800 0.9
801 0.9
802 0.9
803 0.9
804 0.9
805 0.9
806 0.9
807 0.9
808 0.9
809 0.9
810 0.9
811 0.9
812 0.9
813 0.9
814 0.9
815 0.9
816 0.9
817 0.9
818 0.9
819 1.2
820 1.2
821 1.2
822 1.2
823 1.2
824 1.2
825 1.2
826 1.2
827 1.2
828 1.2
829 1.2
830 1.2
831 1.2
832 1.2
833 1.2
834 1.2
835 1.2
836 1.2
837 1.2
838 1.2
839 1.2
840 0
841 0
842 0
843 0
844 0
845 0
846 0
847 0
848 0
849 0
850 0
851 0
852 0
853 0
854 0
855 0
856 0
857 0
858 0
859 0
860 0
861 0.3
862 0.3
863 0.3
864 0.3
865 0.3
866 0.3
867 0.3
868 0.3
869 0.3
870 0.3
871 0.3
872 0.3
873 0.3
874 0.3
875 0.3
876 0.3
877 0.3
878 0.3
879 0.3
880 0.3
881 0.3
882 0.6
883 0.6
884 0.6
885 0.6
886 0.6
887 0.6
888 0.6
889 0.6
890 0.6
891 0.6
892 0.6
893 0.6
894 0.6
895 0.6
896 0.6
897 0.6
898 0.6
899 0.6
900 0.6
901 0.6
902 0.6
903 0.9
904 0.9
905 0.9
906 0.9
907 0.9
908 0.9
909 0.9
910 0.9
911 0.9
912 0.9
913 0.9
914 0.9
915 0.9
916 0.9
917 0.9
918 0.9
919 0.9
920 0.9
921 0.9
922 0.9
923 0.9
924 1.2
925 1.2
926 1.2
927 1.2
928 1.2
929 1.2
930 1.2
931 1.2
932 1.2
933 1.2
934 1.2
935 1.2
936 1.2
937 1.2
938 1.2
939 1.2
940 1.2
941 1.2
942 1.2
943 1.2
944 1.2
945 0
946 0
947 0
948 0
949 0
950 0
951 0
952 0
953 0
954 0
955 0
956 0
957 0
958 0
959 0
960 0
961 0
962 0
963 0
964 0
965 0
966 0.3
967 0.3
968 0.3
969 0.3
970 0.3
971 0.3
972 0.3
973 0.3
974 0.3
975 0.3
976 0.3
977 0.3
978 0.3
979 0.3
980 0.3
981 0.3
982 0.3
983 0.3
984 0.3
985 0.3
986 0.3
987 0.6
988 0.6
989 0.6
990 0.6
991 0.6
992 0.6
993 0.6
994 0.6
995 0.6
996 0.6
997 0.6
998 0.6
999 0.6
1000 0.6
1001 0.6
1002 0.6
1003 0.6
1004 0.6
1005 0.6
1006 0.6
1007 0.6
1008 0.9
1009 0.9
1010 0.9
1011 0.9
1012 0.9
1013 0.9
1014 0.9
1015 0.9
1016 0.9
1017 0.9
1018 0.9
1019 0.9
1020 0.9
1021 0.9
1022 0.9
1023 0.9
1024 0.9
1025 0.9
1026 0.9
1027 0.9
1028 0.9
1029 1.2
1030 1.2
1031 1.2
1032 1.2
1033 1.2
1034 1.2
1035 1.2
1036 1.2
1037 1.2
1038 1.2
1039 1.2
1040 1.2
1041 1.2
1042 1.2
1043 1.2
1044 1.2
1045 1.2
1046 1.2
1047 1.2
1048 1.2
1049 1.2
1050 0
1051 0
1052 0
1053 0
1054 0
1055 0
1056 0
1057 0
1058 0
1059 0
1060 0
1061 0
1062 0
1063 0
1064 0
1065 0
1066 0
1067 0
1068 0
1069 0
1070 0
1071 0.3
1072 0.3
1073 0.3
1074 0.3
1075 0.3
1076 0.3
1077 0.3
1078 0.3
1079 0.3
1080 0.3
1081 0.3
1082 0.3
1083 0.3
1084 0.3
1085 0.3
1086 0.3
1087 0.3
1088 0.3
1089 0.3
1090 0.3
1091 0.3
1092 0.6
1093 0.6
1094 0.6
1095 0.6
1096 0.6
1097 0.6
1098 0.6
1099 0.6
1100 0.6
1101 0.6
1102 0.6
1103 0.6
1104 0.6
1105 0.6
1106 0.6
1107 0.6
1108 0.6
1109 0.6
1110 0.6
1111 0.6
1112 0.6
1113 0.9
1114 0.9
1115 0.9
1116 0.9
1117 0.9
1118 0.9
1119 0.9
1120 0.9
1121 0.9
1122 0.9
1123 0.9
1124 0.9
1125 0.9
1126 0.9
1127 0.9
1128 0.9
1129 0.9
1130 0.9
1131 0.9
1132 0.9
1133 0.9
1134 1.2
1135 1.2
1136 1.2
1137 1.2
1138 1.2
1139 1.2
1140 1.2
1141 1.2
1142 1.2
1143 1.2
1144 1.2
1145 1.2
1146 1.2
1147 1.2
1148 1.2
1149 1.2
1150 1.2
1151 1.2
1152 1.2
1153 1.2
1154 1.2
1155 0
1156 0
1157 0
1158 0
1159 0
1160 0
1161 0
1162 0
1163 0
1164 0
1165 0
1166 0
1167 0
1168 0
1169 0
1170 0
1171 0
1172 0
1173 0
1174 0
1175 0
1176 0.3
1177 0.3
1178 0.3
1179 0.3
1180 0.3
1181 0.3
1182 0.3
1183 0.3
1184 0.3
1185 0.3
1186 0.3
1187 0.3
1188 0.3
1189 0.3
1190 0.3
1191 0.3
1192 0.3
1193 0.3
1194 0.3
1195 0.3
1196 0.3
1197 0.6
1198 0.6
1199 0.6
1200 0.6
1201 0.6
1202 0.6
1203 0.6
1204 0.6
1205 0.6
1206 0.6
1207 0.6
1208 0.6
1209 0.6
1210 0.6
1211 0.6
1212 0.6
1213 0.6
1214 0.6
1215 0.6
1216 0.6
1217 0.6
1218 0.9
1219 0.9
1220 0.9
1221 0.9
1222 0.9
1223 0.9
1224 0.9
1225 0.9
1226 0.9
1227 0.9
1228 0.9
1229 0.9
1230 0.9
1231 0.9
1232 0.9
1233 0.9
1234 0.9
1235 0.9
1236 0.9
1237 0.9
1238 0.9
1239 1.2
1240 1.2
1241 1.2
1242 1.2
1243 1.2
1244 1.2
1245 1.2
1246 1.2
1247 1.2
1248 1.2
1249 1.2
1250 1.2
1251 1.2
1252 1.2
1253 1.2
1254 1.2
1255 1.2
1256 1.2
1257 1.2
1258 1.2
1259 1.2
1260 0
1261 0
1262 0
1263 0
1264 0
1265 0
1266 0
1267 0
1268 0
1269 0
1270 0
1271 0
1272 0
1273 0
1274 0
1275 0
1276 0
1277 0
1278 0
1279 0
1280 0
1281 0.3
1282 0.3
1283 0.3
1284 0.3
1285 0.3
1286 0.3
1287 0.3
1288 0.3
1289 0.3
1290 0.3
1291 0.3
1292 0.3
1293 0.3
1294 0.3
1295 0.3
1296 0.3
1297 0.3
1298 0.3
1299 0.3
1300 0.3
1301 0.3
1302 0.6
1303 0.6
1304 0.6
1305 0.6
1306 0.6
1307 0.6
1308 0.6
1309 0.6
1310 0.6
1311 0.6
1312 0.6
1313 0.6
1314 0.6
1315 0.6
1316 0.6
1317 0.6
1318 0.6
1319 0.6
1320 0.6
1321 0.6
1322 0.6
1323 0.9
1324 0.9
1325 0.9
1326 0.9
1327 0.9
1328 0.9
1329 0.9
1330 0.9
1331 0.9
1332 0.9
1333 0.9
1334 0.9
1335 0.9
1336 0.9
1337 0.9
1338 0.9
1339 0.9
1340 0.9
1341 0.9
1342 0.9
1343 0.9
1344 1.2
1345 1.2
1346 1.2
1347 1.2
1348 1.2
1349 1.2
1350 1.2
1351 1.2
1352 1.2
1353 1.2
1354 1.2
1355 1.2
1356 1.2
1357 1.2
1358 1.2
1359 1.2
1360 1.2
1361 1.2
1362 1.2
1363 1.2
1364 1.2
1365 0
1366 0
1367 0
1368 0
1369 0
1370 0
1371 0
1372 0
1373 0
1374 0
1375 0
1376 0
1377 0
1378 0
1379 0
1380 0
1381 0
1382 0
1383 0
1384 0
1385 0
1386 0.3
1387 0.3
1388 0.3
1389 0.3
1390 0.3
1391 0.3
1392 0.3
1393 0.3
1394 0.3
1395 0.3
1396 0.3
1397 0.3
1398 0.3
1399 0.3
1400 0.3
1401 0.3
1402 0.3
1403 0.3
1404 0.3
1405 0.3
1406 0.3
1407 0.6
1408 0.6
1409 0.6
1410 0.6
1411 0.6
1412 0.6
1413 0.6
1414 0.6
1415 0.6
1416 0.6
1417 0.6
1418 0.6
1419 0.6
1420 0.6
1421 0.6
1422 0.6
1423 0.6
1424 0.6
1425 0.6
1426 0.6
1427 0.6
1428 0.9
1429 0.9
1430 0.9
1431 0.9
1432 0.9
1433 0.9
1434 0.9
1435 0.9
1436 0.9
1437 0.9
1438 0.9
1439 0.9
1440 0.9
1441 0.9
1442 0.9
1443 0.9
1444 0.9
1445 0.9
1446 0.9
1447 0.9
1448 0.9
1449 1.2
1450 1.2
1451 1.2
1452 1.2
1453 1.2
1454 1.2
1455 1.2
1456 1.2
1457 1.2
1458 1.2
1459 1.2
1460 1.2
1461 1.2
1462 1.2
1463 1.2
1464 1.2
1465 1.2
1466 1.2
1467 1.2
1468 1.2
1469 1.2
1470 0
1471 0
1472 0
1473 0
1474 0
1475 0
1476 0
1477 0
1478 0
1479 0
1480 0
1481 0
1482 0
1483 0
1484 0
1485 0
1486 0
1487 0
1488 0
1489 0
1490 0
1491 0.3
1492 0.3
1493 0.3
1494 0.3
1495 0.3
1496 0.3
1497 0.3
1498 0.3
1499 0.3
1500 0.3
1501 0.3
1502 0.3
1503 0.3
1504 0.3
1505 0.3
1506 0.3
1507 0.3
1508 0.3
1509 0.3
1510 0.3
1511 0.3
1512 0.6
1513 0.6
1514 0.6
1515 0.6
1516 0.6
1517 0.6
1518 0.6
1519 0.6
1520 0.6
1521 0.6
1522 0.6
1523 0.6
1524 0.6
1525 0.6
1526 0.6
1527 0.6
1528 0.6
1529 0.6
1530 0.6
1531 0.6
1532 0.6
1533 0.9
1534 0.9
1535 0.9
1536 0.9
1537 0.9
1538 0.9
1539 0.9
1540 0.9
1541 0.9
1542 0.9
1543 0.9
1544 0.9
1545 0.9
1546 0.9
1547 0.9
1548 0.9
1549 0.9
1550 0.9
1551 0.9
1552 0.9
1553 0.9
1554 1.2
1555 1.2
1556 1.2
1557 1.2
1558 1.2
1559 1.2
1560 1.2
1561 1.2
1562 1.2
1563 1.2
1564 1.2
1565 1.2
1566 1.2
1567 1.2
1568 1.2
1569 1.2
1570 1.2
1571 1.2
1572 1.2
1573 1.2
1574 1.2
1575 0
1576 0
1577 0
1578 0
1579 0
1580 0
1581 0
1582 0
1583 0
1584 0
1585 0
1586 0
1587 0
1588 0
1589 0
1590 0
1591 0
1592 0
1593 0
1594 0
1595 0
1596 0.3
1597 0.3
1598 0.3
1599 0.3
1600 0.3
1601 0.3
1602 0.3
1603 0.3
1604 0.3
1605 0.3
1606 0.3
1607 0.3
1608 0.3
1609 0.3
1610 0.3
1611 0.3
1612 0.3
1613 0.3
1614 0.3
1615 0.3
1616 0.3
1617 0.6
1618 0.6
1619 0.6
1620 0.6
1621 0.6
1622 0.6
1623 0.6
1624 0.6
1625 0.6
1626 0.6
1627 0.6
1628 0.6
1629 0.6
1630 0.6
1631 0.6
1632 0.6
1633 0.6
1634 0.6
1635 0.6
1636 0.6
1637 0.6
1638 0.9
1639 0.9
1640 0.9
1641 0.9
1642 0.9
1643 0.9
1644 0.9
1645 0.9
1646 0.9
1647 0.9
1648 0.9
1649 0.9
1650 0.9
1651 0.9
1652 0.9
1653 0.9
1654 0.9
1655 0.9
1656 0.9
1657 0.9
1658 0.9
1659 1.2
1660 1.2
1661 1.2
1662 1.2
1663 1.2
1664 1.2
1665 1.2
1666 1.2
1667 1.2
1668 1.2
1669 1.2
1670 1.2
1671 1.2
1672 1.2
1673 1.2
1674 1.2
1675 1.2
1676 1.2
1677 1.2
1678 1.2
1679 1.2
1680 0
1681 0
1682 0
1683 0
1684 0
1685 0
1686 0
1687 0
1688 0
1689 0
1690 0
1691 0
1692 0
1693 0
1694 0
1695 0
1696 0
1697 0
1698 0
1699 0
1700 0
1701 0.3
1702 0.3
1703 0.3
1704 0.3
1705 0.3
1706 0.3
1707 0.3
1708 0.3
1709 0.3
1710 0.3
1711 0.3
1712 0.3
1713 0.3
1714 0.3
1715 0.3
1716 0.3
1717 0.3
1718 0.3
1719 0.3
1720 0.3
1721 0.3
1722 0.6
1723 0.6
1724 0.6
1725 0.6
1726 0.6
1727 0.6
1728 0.6
1729 0.6
1730 0.6
1731 0.6
1732 0.6
1733 0.6
1734 0.6
1735 0.6
1736 0.6
1737 0.6
1738 0.6
1739 0.6
1740 0.6
1741 0.6
1742 0.6
1743 0.9
1744 0.9
1745 0.9
1746 0.9
1747 0.9
1748 0.9
1749 0.9
1750 0.9
1751 0.9
1752 0.9
1753 0.9
1754 0.9
1755 0.9
1756 0.9
1757 0.9
1758 0.9
1759 0.9
1760 0.9
1761 0.9
1762 0.9
1763 0.9
1764 1.2
1765 1.2
1766 1.2
1767 1.2
1768 1.2
1769 1.2
1770 1.2
1771 1.2
1772 1.2
1773 1.2
1774 1.2
1775 1.2
1776 1.2
1777 1.2
1778 1.2
1779 1.2
1780 1.2
1781 1.2
1782 1.2
1783 1.2
1784 1.2
1785 0
1786 0
1787 0
1788 0
1789 0
1790 0
1791 0
1792 0
1793 0
1794 0
1795 0
1796 0
1797 0
1798 0
1799 0
1800 0
1801 0
1802 0
1803 0
1804 0
1805 0
1806 0.3
1807 0.3
1808 0.3
1809 0.3
1810 0.3
1811 0.3
1812 0.3
1813 0.3
1814 0.3
1815 0.3
1816 0.3
1817 0.3
1818 0.3
1819 0.3
1820 0.3
1821 0.3
1822 0.3
1823 0.3
1824 0.3
1825 0.3
1826 0.3
1827 0.6
1828 0.6
1829 0.6
1830 0.6
1831 0.6
1832 0.6
1833 0.6
1834 0.6
1835 0.6
1836 0.6
1837 0.6
1838 0.6
1839 0.6
1840 0.6
1841 0.6
1842 0.6
1843 0.6
1844 0.6
1845 0.6
1846 0.6
1847 0.6
1848 0.9
1849 0.9
1850 0.9
1851 0.9
1852 0.9
1853 0.9
1854 0.9
1855 0.9
1856 0.9
1857 0.9
1858 0.9
1859 0.9
1860 0.9
1861 0.9
1862 0.9
1863 0.9
1864 0.9
1865 0.9
1866 0.9
1867 0.9
1868 0.9
1869 1.2
1870 1.2
1871 1.2
1872 1.2
1873 1.2
1874 1.2
1875 1.2
1876 1.2
1877 1.2
1878 1.2
1879 1.2
1880 1.2
1881 1.2
1882 1.2
1883 1.2
1884 1.2
1885 1.2
1886 1.2
1887 1.2
1888 1.2
1889 1.2
1890 0
1891 0
1892 0
1893 0
1894 0
1895 0
1896 0
1897 0
1898 0
1899 0
1900 0
1901 0
1902 0
1903 0
1904 0
1905 0
1906 0
1907 0
1908 0
1909 0
1910 0
1911 0.3
1912 0.3
1913 0.3
1914 0.3
1915 0.3
1916 0.3
1917 0.3
1918 0.3
1919 0.3
1920 0.3
1921 0.3
1922 0.3
1923 0.3
1924 0.3
1925 0.3
1926 0.3
1927 0.3
1928 0.3
1929 0.3
1930 0.3
1931 0.3
1932 0.6
1933 0.6
1934 0.6
1935 0.6
1936 0.6
1937 0.6
1938 0.6
1939 0.6
1940 0.6
1941 0.6
1942 0.6
1943 0.6
1944 0.6
1945 0.6
1946 0.6
1947 0.6
1948 0.6
1949 0.6
1950 0.6
1951 0.6
1952 0.6
1953 0.9
1954 0.9
1955 0.9
1956 0.9
1957 0.9
1958 0.9
1959 0.9
1960 0.9
1961 0.9
1962 0.9
1963 0.9
1964 0.9
1965 0.9
1966 0.9
1967 0.9
1968 0.9
1969 0.9
1970 0.9
1971 0.9
1972 0.9
1973 0.9
1974 1.2
1975 1.2
1976 1.2
1977 1.2
1978 1.2
1979 1.2
1980 1.2
1981 1.2
1982 1.2
1983 1.2
1984 1.2
1985 1.2
1986 1.2
1987 1.2
1988 1.2
1989 1.2
1990 1.2
1991 1.2
1992 1.2
1993 1.2
1994 1.2
1995 0
1996 0
1997 0
1998 0
1999 0
2000 0
2001 0
2002 0
2003 0
2004 0
2005 0
2006 0
2007 0
2008 0
2009 0
2010 0
2011 0
2012 0
2013 0
2014 0
2015 0
2016 0.3
2017 0.3
2018 0.3
2019 0.3
2020 0.3
2021 0.3
2022 0.3
2023 0.3
2024 0.3
2025 0.3
2026 0.3
2027 0.3
2028 0.3
2029 0.3
2030 0.3
2031 0.3
2032 0.3
2033 0.3
2034 0.3
2035 0.3
2036 0.3
2037 0.6
2038 0.6
2039 0.6
2040 0.6
2041 0.6
2042 0.6
2043 0.6
2044 0.6
2045 0.6
2046 0.6
2047 0.6
2048 0.6
2049 0.6
2050 0.6
2051 0.6
2052 0.6
2053 0.6
2054 0.6
2055 0.6
2056 0.6
2057 0.6
2058 0.9
2059 0.9
2060 0.9
2061 0.9
2062 0.9
2063 0.9
2064 0.9
2065 0.9
2066 0.9
2067 0.9
2068 0.9
2069 0.9
2070 0.9
2071 0.9
2072 0.9
2073 0.9
2074 0.9
2075 0.9
2076 0.9
2077 0.9
2078 0.9
2079 1.2
2080 1.2
2081 1.2
2082 1.2
2083 1.2
2084 1.2
2085 1.2
2086 1.2
2087 1.2
2088 1.2
2089 1.2
2090 1.2
2091 1.2
2092 1.2
2093 1.2
2094 1.2
2095 1.2
2096 1.2
2097 1.2
2098 1.2
2099 1.2
2100 0
2101 0
2102 0
2103 0
2104 0
2105 0
2106 0
2107 0
2108 0
2109 0
2110 0
2111 0
2112 0
2113 0
2114 0
2115 0
2116 0
2117 0
2118 0
2119 0
2120 0
2121 0.3
2122 0.3
2123 0.3
2124 0.3
2125 0.3
2126 0.3
2127 0.3
2128 0.3
2129 0.3
2130 0.3
2131 0.3
2132 0.3
2133 0.3
2134 0.3
2135 0.3
2136 0.3
2137 0.3
2138 0.3
2139 0.3
2140 0.3
2141 0.3
2142 0.6
2143 0.6
2144 0.6
2145 0.6
2146 0.6
2147 0.6
2148 0.6
2149 0.6
2150 0.6
2151 0.6
2152 0.6
2153 0.6
2154 0.6
2155 0.6
2156 0.6
2157 0.6
2158 0.6
2159 0.6
2160 0.6
2161 0.6
2162 0.6
2163 0.9
2164 0.9
2165 0.9
2166 0.9
2167 0.9
2168 0.9
2169 0.9
2170 0.9
2171 0.9
2172 0.9
2173 0.9
2174 0.9
2175 0.9
2176 0.9
2177 0.9
2178 0.9
2179 0.9
2180 0.9
2181 0.9
2182 0.9
2183 0.9
2184 1.2
2185 1.2
2186 1.2
2187 1.2
2188 1.2
2189 1.2
2190 1.2
2191 1.2
2192 1.2
2193 1.2
2194 1.2
2195 1.2
2196 1.2
2197 1.2
2198 1.2
2199 1.2
2200 1.2
2201 1.2
2202 1.2
2203 1.2
2204 1.2
2205 0
2206 0
2207 0
2208 0
2209 0
2210 0
2211 0
2212 0
2213 0
2214 0
2215 0
2216 0
2217 0
2218 0
2219 0
2220 0
2221 0
2222 0
2223 0
2224 0
2225 0
2226 0.3
2227 0.3
2228 0.3
2229 0.3
2230 0.3
2231 0.3
2232 0.3
2233 0.3
2234 0.3
2235 0.3
2236 0.3
2237 0.3
2238 0.3
2239 0.3
2240 0.3
2241 0.3
2242 0.3
2243 0.3
2244 0.3
2245 0.3
2246 0.3
2247 0.6
2248 0.6
2249 0.6
2250 0.6
2251 0.6
2252 0.6
2253 0.6
2254 0.6
2255 0.6
2256 0.6
2257 0.6
2258 0.6
2259 0.6
2260 0.6
2261 0.6
2262 0.6
2263 0.6
2264 0.6
2265 0.6
2266 0.6
2267 0.6
2268 0.9
2269 0.9
2270 0.9
2271 0.9
2272 0.9
2273 0.9
2274 0.9
2275 0.9
2276 0.9
2277 0.9
2278 0.9
2279 0.9
2280 0.9
2281 0.9
2282 0.9
2283 0.9
2284 0.9
2285 0.9
2286 0.9
2287 0.9
2288 0.9
2289 1.2
2290 1.2
2291 1.2
2292 1.2
2293 1.2
2294 1.2
2295 1.2
2296 1.2
2297 1.2
2298 1.2
2299 1.2
2300 1.2
2301 1.2
2302 1.2
2303 1.2
2304 1.2
2305 1.2
2306 1.2
2307 1.2
2308 1.2
2309 1.2
2310 0
2311 0
2312 0
2313 0
2314 0
2315 0
2316 0
2317 0
2318 0
2319 0
2320 0
2321 0
2322 0
2323 0
2324 0
2325 0
2326 0
2327 0
2328 0
2329 0
2330 0
2331 0.3
2332 0.3
2333 0.3
2334 0.3
2335 0.3
2336 0.3
2337 0.3
2338 0.3
2339 0.3
2340 0.3
2341 0.3
2342 0.3
2343 0.3
2344 0.3
2345 0.3
2346 0.3
2347 0.3
2348 0.3
2349 0.3
2350 0.3
2351 0.3
2352 0.6
2353 0.6
2354 0.6
2355 0.6
2356 0.6
2357 0.6
2358 0.6
2359 0.6
2360 0.6
2361 0.6
2362 0.6
2363 0.6
2364 0.6
2365 0.6
2366 0.6
2367 0.6
2368 0.6
2369 0.6
2370 0.6
2371 0.6
2372 0.6
2373 0.9
2374 0.9
2375 0.9
2376 0.9
2377 0.9
2378 0.9
2379 0.9
2380 0.9
2381 0.9
2382 0.9
2383 0.9
2384 0.9
2385 0.9
2386 0.9
2387 0.9
2388 0.9
2389 0.9
2390 0.9
2391 0.9
2392 0.9
2393 0.9
2394 1.2
2395 1.2
2396 1.2
2397 1.2
2398 1.2
2399 1.2
2400 1.2
2401 1.2
2402 1.2
2403 1.2
2404 1.2
2405 1.2
2406 1.2
2407 1.2
2408 1.2
2409 1.2
2410 1.2
2411 1.2
2412 1.2
2413 1.2
2414 1.2
2415 0
2416 0
2417 0
2418 0
2419 0
2420 0
2421 0
2422 0
2423 0
2424 0
2425 0
2426 0
2427 0
2428 0
2429 0
2430 0
2431 0
2432 0
2433 0
2434 0
2435 0
2436 0.3
2437 0.3
2438 0.3
2439 0.3
2440 0.3
2441 0.3
2442 0.3
2443 0.3
2444 0.3
2445 0.3
2446 0.3
2447 0.3
2448 0.3
2449 0.3
2450 0.3
2451 0.3
2452 0.3
2453 0.3
2454 0.3
2455 0.3
2456 0.3
2457 0.6
2458 0.6
2459 0.6
2460 0.6
2461 0.6
2462 0.6
2463 0.6
2464 0.6
2465 0.6
2466 0.6
2467 0.6
2468 0.6
2469 0.6
2470 0.6
2471 0.6
2472 0.6
2473 0.6
2474 0.6
2475 0.6
2476 0.6
2477 0.6
2478 0.9
2479 0.9
2480 0.9
2481 0.9
2482 0.9
2483 0.9
2484 0.9
2485 0.9
2486 0.9
2487 0.9
2488 0.9
2489 0.9
2490 0.9
2491 0.9
2492 0.9
2493 0.9
2494 0.9
2495 0.9
2496 0.9
2497 0.9
2498 0.9
2499 1.2
2500 1.2
2501 1.2
2502 1.2
2503 1.2
2504 1.2
2505 1.2
2506 1.2
2507 1.2
2508 1.2
2509 1.2
2510 1.2
2511 1.2
2512 1.2
2513 1.2
2514 1.2
2515 1.2
2516 1.2
2517 1.2
2518 1.2
2519 1.2
2520 0
2521 0
2522 0
2523 0
2524 0
2525 0
2526 0
2527 0
2528 0
2529 0
2530 0
2531 0
2532 0
2533 0
2534 0
2535 0
2536 0
2537 0
2538 0
2539 0
2540 0
2541 0.3
2542 0.3
2543 0.3
2544 0.3
2545 0.3
2546 0.3
2547 0.3
2548 0.3
2549 0.3
2550 0.3
2551 0.3
2552 0.3
2553 0.3
2554 0.3
2555 0.3
2556 0.3
2557 0.3
2558 0.3
2559 0.3
2560 0.3
2561 0.3
2562 0.6
2563 0.6
2564 0.6
2565 0.6
2566 0.6
2567 0.6
2568 0.6
2569 0.6
2570 0.6
2571 0.6
2572 0.6
2573 0.6
2574 0.6
2575 0.6
2576 0.6
2577 0.6
2578 0.6
2579 0.6
2580 0.6
2581 0.6
2582 0.6
2583 0.9
2584 0.9
2585 0.9
2586 0.9
2587 0.9
2588 0.9
2589 0.9
2590 0.9
2591 0.9
2592 0.9
2593 0.9
2594 0.9
2595 0.9
2596 0.9
2597 0.9
2598 0.9
2599 0.9
2600 0.9
2601 0.9
2602 0.9
2603 0.9
2604 1.2
2605 1.2
2606 1.2
2607 1.2
2608 1.2
2609 1.2
2610 1.2
2611 1.2
2612 1.2
2613 1.2
2614 1.2
2615 1.2
2616 1.2
2617 1.2
2618 1.2
2619 1.2
2620 1.2
2621 1.2
2622 1.2
2623 1.2
2624 1.2
2625 0
2626 0
2627 0
2628 0
2629 0
2630 0
2631 0
2632 0
2633 0
2634 0
2635 0
2636 0
2637 0
2638 0
2639 0
2640 0
2641 0
2642 0
2643 0
2644 0
2645 0
2646 0.3
2647 0.3
2648 0.3
2649 0.3
2650 0.3
2651 0.3
2652 0.3
2653 0.3
2654 0.3
2655 0.3
2656 0.3
2657 0.3
2658 0.3
2659 0.3
2660 0.3
2661 0.3
2662 0.3
2663 0.3
2664 0.3
2665 0.3
2666 0.3
2667 0.6
2668 0.6
2669 0.6
2670 0.6
2671 0.6
2672 0.6
2673 0.6
2674 0.6
2675 0.6
2676 0.6
2677 0.6
2678 0.6
2679 0.6
2680 0.6
2681 0.6
2682 0.6
2683 0.6
2684 0.6
2685 0.6
2686 0.6
2687 0.6
2688 0.9
2689 0.9
2690 0.9
2691 0.9
2692 0.9
2693 0.9
2694 0.9
2695 0.9
2696 0.9
2697 0.9
2698 0.9
2699 0.9
2700 0.9
2701 0.9
2702 0.9
2703 0.9
2704 0.9
2705 0.9
2706 0.9
2707 0.9
2708 0.9
2709 1.2
2710 1.2
2711 1.2
2712 1.2
2713 1.2
2714 1.2
2715 1.2
2716 1.2
2717 1.2
2718 1.2
2719 1.2
2720 1.2
2721 1.2
2722 1.2
2723 1.2
2724 1.2
2725 1.2
2726 1.2
2727 1.2
2728 1.2
2729 1.2
2730 0
2731 0
2732 0
2733 0
2734 0
2735 0
2736 0
2737 0
2738 0
2739 0
2740 0
2741 0
2742 0
2743 0
2744 0
2745 0
2746 0
2747 0
2748 0
2749 0
2750 0
2751 0.3
2752 0.3
2753 0.3
2754 0.3
2755 0.3
2756 0.3
2757 0.3
2758 0.3
2759 0.3
2760 0.3
2761 0.3
2762 0.3
2763 0.3
2764 0.3
2765 0.3
2766 0.3
2767 0.3
2768 0.3
2769 0.3
2770 0.3
2771 0.3
2772 0.6
2773 0.6
2774 0.6
2775 0.6
2776 0.6
2777 0.6
2778 0.6
2779 0.6
2780 0.6
2781 0.6
2782 0.6
2783 0.6
2784 0.6
2785 0.6
2786 0.6
2787 0.6
2788 0.6
2789 0.6
2790 0.6
2791 0.6
2792 0.6
2793 0.9
2794 0.9
2795 0.9
2796 0.9
2797 0.9
2798 0.9
2799 0.9
2800 0.9
2801 0.9
2802 0.9
2803 0.9
2804 0.9
2805 0.9
2806 0.9
2807 0.9
2808 0.9
2809 0.9
2810 0.9
2811 0.9
2812 0.9
2813 0.9
2814 1.2
2815 1.2
2816 1.2
2817 1.2
2818 1.2
2819 1.2
2820 1.2
2821 1.2
2822 1.2
2823 1.2
2824 1.2
2825 1.2
2826 1.2
2827 1.2
2828 1.2
2829 1.2
2830 1.2
2831 1.2
2832 1.2
2833 1.2
2834 1.2
2835 0
2836 0
2837 0
2838 0
2839 0
2840 0
2841 0
2842 0
2843 0
2844 0
2845 0
2846 0
2847 0
2848 0
2849 0
2850 0
2851 0
2852 0
2853 0
2854 0
2855 0
2856 0.3
2857 0.3
2858 0.3
2859 0.3
2860 0.3
2861 0.3
2862 0.3
2863 0.3
2864 0.3
2865 0.3
2866 0.3
2867 0.3
2868 0.3
2869 0.3
2870 0.3
2871 0.3
2872 0.3
2873 0.3
2874 0.3
2875 0.3
2876 0.3
2877 0.6
2878 0.6
2879 0.6
2880 0.6
2881 0.6
2882 0.6
2883 0.6
2884 0.6
2885 0.6
2886 0.6
2887 0.6
2888 0.6
2889 0.6
2890 0.6
2891 0.6
2892 0.6
2893 0.6
2894 0.6
2895 0.6
2896 0.6
2897 0.6
2898 0.9
2899 0.9
2900 0.9
2901 0.9
2902 0.9
2903 0.9
2904 0.9
2905 0.9
2906 0.9
2907 0.9
2908 0.9
2909 0.9
2910 0.9
2911 0.9
2912 0.9
2913 0.9
2914 0.9
2915 0.9
2916 0.9
2917 0.9
2918 0.9
2919 1.2
2920 1.2
2921 1.2
2922 1.2
2923 1.2
2924 1.2
2925 1.2
2926 1.2
2927 1.2
2928 1.2
2929 1.2
2930 1.2
2931 1.2
2932 1.2
2933 1.2
2934 1.2
2935 1.2
2936 1.2
2937 1.2
2938 1.2
2939 1.2
2940 0
2941 0
2942 0
2943 0
2944 0
2945 0
2946 0
2947 0
2948 0
2949 0
2950 0
2951 0
2952 0
2953 0
2954 0
2955 0
2956 0
2957 0
2958 0
2959 0
2960 0
2961 0.3
2962 0.3
2963 0.3
2964 0.3
2965 0.3
2966 0.3
2967 0.3
2968 0.3
2969 0.3
2970 0.3
2971 0.3
2972 0.3
2973 0.3
2974 0.3
2975 0.3
2976 0.3
2977 0.3
2978 0.3
2979 0.3
2980 0.3
2981 0.3
2982 0.6
2983 0.6
2984 0.6
2985 0.6
2986 0.6
2987 0.6
2988 0.6
2989 0.6
2990 0.6
2991 0.6
2992 0.6
2993 0.6
2994 0.6
2995 0.6
2996 0.6
2997 0.6
2998 0.6
2999 0.6
3000 0.6
3001 0.6
3002 0.6
3003 0.9
3004 0.9
3005 0.9
3006 0.9
3007 0.9
3008 0.9
3009 0.9
3010 0.9
3011 0.9
3012 0.9
3013 0.9
3014 0.9
3015 0.9
3016 0.9
3017 0.9
3018 0.9
3019 0.9
3020 0.9
3021 0.9
3022 0.9
3023 0.9
3024 1.2
3025 1.2
3026 1.2
3027 1.2
3028 1.2
3029 1.2
3030 1.2
3031 1.2
3032 1.2
3033 1.2
3034 1.2
3035 1.2
3036 1.2
3037 1.2
3038 1.2
3039 1.2
3040 1.2
3041 1.2
3042 1.2
3043 1.2
3044 1.2
3045 0
3046 0
3047 0
3048 0
3049 0
3050 0
3051 0
3052 0
3053 0
3054 0
3055 0
3056 0
3057 0
3058 0
3059 0
3060 0
3061 0
3062 0
3063 0
3064 0
3065 0
3066 0.3
3067 0.3
3068 0.3
3069 0.3
3070 0.3
3071 0.3
3072 0.3
3073 0.3
3074 0.3
3075 0.3
3076 0.3
3077 0.3
3078 0.3
3079 0.3
3080 0.3
3081 0.3
3082 0.3
3083 0.3
3084 0.3
3085 0.3
3086 0.3
3087 0.6
3088 0.6
3089 0.6
3090 0.6
3091 0.6
3092 0.6
3093 0.6
3094 0.6
3095 0.6
3096 0.6
3097 0.6
3098 0.6
3099 0.6
3100 0.6
3101 0.6
3102 0.6
3103 0.6
3104 0.6
3105 0.6
3106 0.6
3107 0.6
3108 0.9
3109 0.9
3110 0.9
3111 0.9
3112 0.9
3113 0.9
3114 0.9
3115 0.9
3116 0.9
3117 0.9
3118 0.9
3119 0.9
3120 0.9
3121 0.9
3122 0.9
3123 0.9
3124 0.9
3125 0.9
3126 0.9
3127 0.9
3128 0.9
3129 1.2
3130 1.2
3131 1.2
3132 1.2
3133 1.2
3134 1.2
3135 1.2
3136 1.2
3137 1.2
3138 1.2
3139 1.2
3140 1.2
3141 1.2
3142 1.2
3143 1.2
3144 1.2
3145 1.2
3146 1.2
3147 1.2
3148 1.2
3149 1.2
3150 0
3151 0
3152 0
3153 0
3154 0
3155 0
3156 0
3157 0
3158 0
3159 0
3160 0
3161 0
3162 0
3163 0
3164 0
3165 0
3166 0
3167 0
3168 0
3169 0
3170 0
3171 0.3
3172 0.3
3173 0.3
3174 0.3
3175 0.3
3176 0.3
3177 0.3
3178 0.3
3179 0.3
3180 0.3
3181 0.3
3182 0.3
3183 0.3
3184 0.3
3185 0.3
3186 0.3
3187 0.3
3188 0.3
3189 0.3
3190 0.3
3191 0.3
3192 0.6
3193 0.6
3194 0.6
3195 0.6
3196 0.6
3197 0.6
3198 0.6
3199 0.6
3200 0.6
3201 0.6
3202 0.6
3203 0.6
3204 0.6
3205 0.6
3206 0.6
3207 0.6
3208 0.6
3209 0.6
3210 0.6
3211 0.6
3212 0.6
3213 0.9
3214 0.9
3215 0.9
3216 0.9
3217 0.9
3218 0.9
3219 0.9
3220 0.9
3221 0.9
3222 0.9
3223 0.9
3224 0.9
3225 0.9
3226 0.9
3227 0.9
3228 0.9
3229 0.9
3230 0.9
3231 0.9
3232 0.9
3233 0.9
3234 1.2
3235 1.2
3236 1.2
3237 1.2
3238 1.2
3239 1.2
3240 1.2
3241 1.2
3242 1.2
3243 1.2
3244 1.2
3245 1.2
3246 1.2
3247 1.2
3248 1.2
3249 1.2
3250 1.2
3251 1.2
3252 1.2
3253 1.2
3254 1.2
3255 0
3256 0
3257 0
3258 0
3259 0
3260 0
3261 0
3262 0
3263 0
3264 0
3265 0
3266 0
3267 0
3268 0
3269 0
3270 0
3271 0
3272 0
3273 0
3274 0
3275 0
3276 0.3
3277 0.3
3278 0.3
3279 0.3
3280 0.3
3281 0.3
3282 0.3
3283 0.3
3284 0.3
3285 0.3
3286 0.3
3287 0.3
3288 0.3
3289 0.3
3290 0.3
3291 0.3
3292 0.3
3293 0.3
3294 0.3
3295 0.3
3296 0.3
3297 0.6
3298 0.6
3299 0.6
3300 0.6
3301 0.6
3302 0.6
3303 0.6
3304 0.6
3305 0.6
3306 0.6
3307 0.6
3308 0.6
3309 0.6
3310 0.6
3311 0.6
3312 0.6
3313 0.6
3314 0.6
3315 0.6
3316 0.6
3317 0.6
3318 0.9
3319 0.9
3320 0.9
3321 0.9
3322 0.9
3323 0.9
3324 0.9
3325 0.9
3326 0.9
3327 0.9
3328 0.9
3329 0.9
3330 0.9
3331 0.9
3332 0.9
3333 0.9
3334 0.9
3335 0.9
3336 0.9
3337 0.9
3338 0.9
3339 1.2
3340 1.2
3341 1.2
3342 1.2
3343 1.2
3344 1.2
3345 1.2
3346 1.2
3347 1.2
3348 1.2
3349 1.2
3350 1.2
3351 1.2
3352 1.2
3353 1.2
3354 1.2
3355 1.2
3356 1.2
3357 1.2
3358 1.2
3359 1.2
3360 0
3361 0
3362 0
3363 0
3364 0
3365 0
3366 0
3367 0
3368 0
3369 0
3370 0
3371 0
3372 0
3373 0
3374 0
3375 0
3376 0
3377 0
3378 0
3379 0
3380 0
3381 0.3
3382 0.3
3383 0.3
3384 0.3
3385 0.3
3386 0.3
3387 0.3
3388 0.3
3389 0.3
3390 0.3
3391 0.3
3392 0.3
3393 0.3
3394 0.3
3395 0.3
3396 0.3
3397 0.3
3398 0.3
3399 0.3
3400 0.3
3401 0.3
3402 0.6
3403 0.6
3404 0.6
3405 0.6
3406 0.6
3407 0.6
3408 0.6
3409 0.6
3410 0.6
3411 0.6
3412 0.6
3413 0.6
3414 0.6
3415 0.6
3416 0.6
3417 0.6
3418 0.6
3419 0.6
3420 0.6
3421 0.6
3422 0.6
3423 0.9
3424 0.9
3425 0.9
3426 0.9
3427 0.9
3428 0.9
3429 0.9
3430 0.9
3431 0.9
3432 0.9
3433 0.9
3434 0.9
3435 0.9
3436 0.9
3437 0.9
3438 0.9
3439 0.9
3440 0.9
3441 0.9
3442 0.9
3443 0.9
3444 1.2
3445 1.2
3446 1.2
3447 1.2
3448 1.2
3449 1.2
3450 1.2
3451 1.2
3452 1.2
3453 1.2
3454 1.2
3455 1.2
3456 1.2
3457 1.2
3458 1.2
3459 1.2
3460 1.2
3461 1.2
3462 1.2
3463 1.2
3464 1.2
3465 0
3466 0
3467 0
3468 0
3469 0
3470 0
3471 0
3472 0
3473 0
3474 0
3475 0
3476 0
3477 0
3478 0
3479 0
3480 0
3481 0
3482 0
3483 0
3484 0
3485 0
3486 0.3
3487 0.3
3488 0.3
3489 0.3
3490 0.3
3491 0.3
3492 0.3
3493 0.3
3494 0.3
3495 0.3
3496 0.3
3497 0.3
3498 0.3
3499 0.3
3500 0.3
3501 0.3
3502 0.3
3503 0.3
3504 0.3
3505 0.3
3506 0.3
3507 0.6
3508 0.6
3509 0.6
3510 0.6
3511 0.6
3512 0.6
3513 0.6
3514 0.6
3515 0.6
3516 0.6
3517 0.6
3518 0.6
3519 0.6
3520 0.6
3521 0.6
3522 0.6
3523 0.6
3524 0.6
3525 0.6
3526 0.6
3527 0.6
3528 0.9
3529 0.9
3530 0.9
3531 0.9
3532 0.9
3533 0.9
3534 0.9
3535 0.9
3536 0.9
3537 0.9
3538 0.9
3539 0.9
3540 0.9
3541 0.9
3542 0.9
3543 0.9
3544 0.9
3545 0.9
3546 0.9
3547 0.9
3548 0.9
3549 1.2
3550 1.2
3551 1.2
3552 1.2
3553 1.2
3554 1.2
3555 1.2
3556 1.2
3557 1.2
3558 1.2
3559 1.2
3560 1.2
3561 1.2
3562 1.2
3563 1.2
3564 1.2
3565 1.2
3566 1.2
3567 1.2
3568 1.2
3569 1.2
3570 0
3571 0
3572 0
3573 0
3574 0
3575 0
3576 0
3577 0
3578 0
3579 0
3580 0
3581 0
3582 0
3583 0
3584 0
3585 0
3586 0
3587 0
3588 0
3589 0
3590 0
3591 0.3
3592 0.3
3593 0.3
3594 0.3
3595 0.3
3596 0.3
3597 0.3
3598 0.3
3599 0.3
3600 0.3
3601 0.3
3602 0.3
3603 0.3
3604 0.3
3605 0.3
3606 0.3
3607 0.3
3608 0.3
3609 0.3
3610 0.3
3611 0.3
3612 0.6
3613 0.6
3614 0.6
3615 0.6
3616 0.6
3617 0.6
3618 0.6
3619 0.6
3620 0.6
3621 0.6
3622 0.6
3623 0.6
3624 0.6
3625 0.6
3626 0.6
3627 0.6
3628 0.6
3629 0.6
3630 0.6
3631 0.6
3632 0.6
3633 0.9
3634 0.9
3635 0.9
3636 0.9
3637 0.9
3638 0.9
3639 0.9
3640 0.9
3641 0.9
3642 0.9
3643 0.9
3644 0.9
3645 0.9
3646 0.9
3647 0.9
3648 0.9
3649 0.9
3650 0.9
3651 0.9
3652 0.9
3653 0.9
3654 1.2
3655 1.2
3656 1.2
3657 1.2
3658 1.2
3659 1.2
3660 1.2
3661 1.2
3662 1.2
3663 1.2
3664 1.2
3665 1.2
3666 1.2
3667 1.2
3668 1.2
3669 1.2
3670 1.2
3671 1.2
3672 1.2
3673 1.2
3674 1.2
3675 0
3676 0
3677 0
3678 0
3679 0
3680 0
3681 0
3682 0
3683 0
3684 0
3685 0
3686 0
3687 0
3688 0
3689 0
3690 0
3691 0
3692 0
3693 0
3694 0
3695 0
3696 0.3
3697 0.3
3698 0.3
3699 0.3
3700 0.3
3701 0.3
3702 0.3
3703 0.3
3704 0.3
3705 0.3
3706 0.3
3707 0.3
3708 0.3
3709 0.3
3710 0.3
3711 0.3
3712 0.3
3713 0.3
3714 0.3
3715 0.3
3716 0.3
3717 0.6
3718 0.6
3719 0.6
3720 0.6
3721 0.6
3722 0.6
3723 0.6
3724 0.6
3725 0.6
3726 0.6
3727 0.6
3728 0.6
3729 0.6
3730 0.6
3731 0.6
3732 0.6
3733 0.6
3734 0.6
3735 0.6
3736 0.6
3737 0.6
3738 0.9
3739 0.9
3740 0.9
3741 0.9
3742 0.9
3743 0.9
3744 0.9
3745 0.9
3746 0.9
3747 0.9
3748 0.9
3749 0.9
3750 0.9
3751 0.9
3752 0.9
3753 0.9
3754 0.9
3755 0.9
3756 0.9
3757 0.9
3758 0.9
3759 1.2
3760 1.2
3761 1.2
3762 1.2
3763 1.2
3764 1.2
3765 1.2
3766 1.2
3767 1.2
3768 1.2
3769 1.2
3770 1.2
3771 1.2
3772 1.2
3773 1.2
3774 1.2
3775 1.2
3776 1.2
3777 1.2
3778 1.2
3779 1.2
3780 0
3781 0
3782 0
3783 0
3784 0
3785 0
3786 0
3787 0
3788 0
3789 0
3790 0
3791 0
3792 0
3793 0
3794 0
3795 0
3796 0
3797 0
3798 0
3799 0
3800 0
3801 0.3
3802 0.3
3803 0.3
3804 0.3
3805 0.3
3806 0.3
3807 0.3
3808 0.3
3809 0.3
3810 0.3
3811 0.3
3812 0.3
3813 0.3
3814 0.3
3815 0.3
3816 0.3
3817 0.3
3818 0.3
3819 0.3
3820 0.3
3821 0.3
3822 0.6
3823 0.6
3824 0.6
3825 0.6
3826 0.6
3827 0.6
3828 0.6
3829 0.6
3830 0.6
3831 0.6
3832 0.6
3833 0.6
3834 0.6
3835 0.6
3836 0.6
3837 0.6
3838 0.6
3839 0.6
3840 0.6
3841 0.6
3842 0.6
3843 0.9
3844 0.9
3845 0.9
3846 0.9
3847 0.9
3848 0.9
3849 0.9
3850 0.9
3851 0.9
3852 0.9
3853 0.9
3854 0.9
3855 0.9
3856 0.9
3857 0.9
3858 0.9
3859 0.9
3860 0.9
3861 0.9
3862 0.9
3863 0.9
3864 1.2
3865 1.2
3866 1.2
3867 1.2
3868 1.2
3869 1.2
3870 1.2
3871 1.2
3872 1.2
3873 1.2
3874 1.2
3875 1.2
3876 1.2
3877 1.2
3878 1.2
3879 1.2
3880 1.2
3881 1.2
3882 1.2
3883 1.2
3884 1.2
3885 0
3886 0
3887 0
3888 0
3889 0
3890 0
3891 0
3892 0
3893 0
3894 0
3895 0
3896 0
3897 0
3898 0
3899 0
3900 0
3901 0
3902 0
3903 0
3904 0
3905 0
3906 0.3
3907 0.3
3908 0.3
3909 0.3
3910 0.3
3911 0.3
3912 0.3
3913 0.3
3914 0.3
3915 0.3
3916 0.3
3917 0.3
3918 0.3
3919 0.3
3920 0.3
3921 0.3
3922 0.3
3923 0.3
3924 0.3
3925 0.3
3926 0.3
3927 0.6
3928 0.6
3929 0.6
3930 0.6
3931 0.6
3932 0.6
3933 0.6
3934 0.6
3935 0.6
3936 0.6
3937 0.6
3938 0.6
3939 0.6
3940 0.6
3941 0.6
3942 0.6
3943 0.6
3944 0.6
3945 0.6
3946 0.6
3947 0.6
3948 0.9
3949 0.9
3950 0.9
3951 0.9
3952 0.9
3953 0.9
3954 0.9
3955 0.9
3956 0.9
3957 0.9
3958 0.9
3959 0.9
3960 0.9
3961 0.9
3962 0.9
3963 0.9
3964 0.9
3965 0.9
3966 0.9
3967 0.9
3968 0.9
3969 1.2
3970 1.2
3971 1.2
3972 1.2
3973 1.2
3974 1.2
3975 1.2
3976 1.2
3977 1.2
3978 1.2
3979 1.2
3980 1.2
3981 1.2
3982 1.2
3983 1.2
3984 1.2
3985 1.2
3986 1.2
3987 1.2
3988 1.2
3989 1.2
3990 0
3991 0
3992 0
3993 0
3994 0
3995 0
3996 0
3997 0
3998 0
3999 0
4000 0
4001 0
4002 0
4003 0
4004 0
4005 0
4006 0
4007 0
4008 0
4009 0
4010 0
4011 0.3
4012 0.3
4013 0.3
4014 0.3
4015 0.3
4016 0.3
4017 0.3
4018 0.3
4019 0.3
4020 0.3
4021 0.3
4022 0.3
4023 0.3
4024 0.3
4025 0.3
4026 0.3
4027 0.3
4028 0.3
4029 0.3
4030 0.3
4031 0.3
4032 0.6
4033 0.6
4034 0.6
4035 0.6
4036 0.6
4037 0.6
4038 0.6
4039 0.6
4040 0.6
4041 0.6
4042 0.6
4043 0.6
4044 0.6
4045 0.6
4046 0.6
4047 0.6
4048 0.6
4049 0.6
4050 0.6
4051 0.6
4052 0.6
4053 0.9
4054 0.9
4055 0.9
4056 0.9
4057 0.9
4058 0.9
4059 0.9
4060 0.9
4061 0.9
4062 0.9
4063 0.9
4064 0.9
4065 0.9
4066 0.9
4067 0.9
4068 0.9
4069 0.9
4070 0.9
4071 0.9
4072 0.9
4073 0.9
4074 1.2
4075 1.2
4076 1.2
4077 1.2
4078 1.2
4079 1.2
4080 1.2
4081 1.2
4082 1.2
4083 1.2
4084 1.2
4085 1.2
4086 1.2
4087 1.2
4088 1.2
4089 1.2
4090 1.2
4091 1.2
4092 1.2
4093 1.2
4094 1.2
4095 0
4096 0
4097 0
4098 0
4099 0
4100 0
4101 0
4102 0
4103 0
4104 0
4105 0
4106 0
4107 0
4108 0
4109 0
4110 0
4111 0
4112 0
4113 0
4114 0
4115 0
4116 0.3
4117 0.3
4118 0.3
4119 0.3
4120 0.3
4121 0.3
4122 0.3
4123 0.3
4124 0.3
4125 0.3
4126 0.3
4127 0.3
4128 0.3
4129 0.3
4130 0.3
4131 0.3
4132 0.3
4133 0.3
4134 0.3
4135 0.3
4136 0.3
4137 0.6
4138 0.6
4139 0.6
4140 0.6
4141 0.6
4142 0.6
4143 0.6
4144 0.6
4145 0.6
4146 0.6
4147 0.6
4148 0.6
4149 0.6
4150 0.6
4151 0.6
4152 0.6
4153 0.6
4154 0.6
4155 0.6
4156 0.6
4157 0.6
4158 0.9
4159 0.9
4160 0.9
4161 0.9
4162 0.9
4163 0.9
4164 0.9
4165 0.9
4166 0.9
4167 0.9
4168 0.9
4169 0.9
4170 0.9
4171 0.9
4172 0.9
4173 0.9
4174 0.9
4175 0.9
4176 0.9
4177 0.9
4178 0.9
4179 1.2
4180 1.2
4181 1.2
4182 1.2
4183 1.2
4184 1.2
4185 1.2
4186 1.2
4187 1.2
4188 1.2
4189 1.2
4190 1.2
4191 1.2
4192 1.2
4193 1.2
4194 1.2
4195 1.2
4196 1.2
4197 1.2
4198 1.2
4199 1.2
4200 0
4201 0
4202 0
4203 0
4204 0
4205 0
4206 0
4207 0
4208 0
4209 0
4210 0
4211 0
4212 0
4213 0
4214 0
4215 0
4216 0
4217 0
4218 0
4219 0
4220 0
4221 0.3
4222 0.3
4223 0.3
4224 0.3
4225 0.3
4226 0.3
4227 0.3
4228 0.3
4229 0.3
4230 0.3
4231 0.3
4232 0.3
4233 0.3
4234 0.3
4235 0.3
4236 0.3
4237 0.3
4238 0.3
4239 0.3
4240 0.3
4241 0.3
4242 0.6
4243 0.6
4244 0.6
4245 0.6
4246 0.6
4247 0.6
4248 0.6
4249 0.6
4250 0.6
4251 0.6
4252 0.6
4253 0.6
4254 0.6
4255 0.6
4256 0.6
4257 0.6
4258 0.6
4259 0.6
4260 0.6
4261 0.6
4262 0.6
4263 0.9
4264 0.9
4265 0.9
4266 0.9
4267 0.9
4268 0.9
4269 0.9
4270 0.9
4271 0.9
4272 0.9
4273 0.9
4274 0.9
4275 0.9
4276 0.9
4277 0.9
4278 0.9
4279 0.9
4280 0.9
4281 0.9
4282 0.9
4283 0.9
4284 1.2
4285 1.2
4286 1.2
4287 1.2
4288 1.2
4289 1.2
4290 1.2
4291 1.2
4292 1.2
4293 1.2
4294 1.2
4295 1.2
4296 1.2
4297 1.2
4298 1.2
4299 1.2
4300 1.2
4301 1.2
4302 1.2
4303 1.2
4304 1.2
4305 0
4306 0
4307 0
4308 0
4309 0
4310 0
4311 0
4312 0
4313 0
4314 0
4315 0
4316 0
4317 0
4318 0
4319 0
4320 0
4321 0
4322 0
4323 0
4324 0
4325 0
4326 0.3
4327 0.3
4328 0.3
4329 0.3
4330 0.3
4331 0.3
4332 0.3
4333 0.3
4334 0.3
4335 0.3
4336 0.3
4337 0.3
4338 0.3
4339 0.3
4340 0.3
4341 0.3
4342 0.3
4343 0.3
4344 0.3
4345 0.3
4346 0.3
4347 0.6
4348 0.6
4349 0.6
4350 0.6
4351 0.6
4352 0.6
4353 0.6
4354 0.6
4355 0.6
4356 0.6
4357 0.6
4358 0.6
4359 0.6
4360 0.6
4361 0.6
4362 0.6
4363 0.6
4364 0.6
4365 0.6
4366 0.6
4367 0.6
4368 0.9
4369 0.9
4370 0.9
4371 0.9
4372 0.9
4373 0.9
4374 0.9
4375 0.9
4376 0.9
4377 0.9
4378 0.9
4379 0.9
4380 0.9
4381 0.9
4382 0.9
4383 0.9
4384 0.9
4385 0.9
4386 0.9
4387 0.9
4388 0.9
4389 1.2
4390 1.2
4391 1.2
4392 1.2
4393 1.2
4394 1.2
4395 1.2
4396 1.2
4397 1.2
4398 1.2
4399 1.2
4400 1.2
4401 1.2
4402 1.2
4403 1.2
4404 1.2
4405 1.2
4406 1.2
4407 1.2
4408 1.2
4409 1.2
4410 0
4411 0
4412 0
4413 0
4414 0
4415 0
4416 0
4417 0
4418 0
4419 0
4420 0
4421 0
4422 0
4423 0
4424 0
4425 0
4426 0
4427 0
4428 0
4429 0
4430 0
4431 0.3
4432 0.3
4433 0.3
4434 0.3
4435 0.3
4436 0.3
4437 0.3
4438 0.3
4439 0.3
4440 0.3
4441 0.3
4442 0.3
4443 0.3
4444 0.3
4445 0.3
4446 0.3
4447 0.3
4448 0.3
4449 0.3
4450 0.3
4451 0.3
4452 0.6
4453 0.6
4454 0.6
4455 0.6
4456 0.6
4457 0.6
4458 0.6
4459 0.6
4460 0.6
4461 0.6
4462 0.6
4463 0.6
4464 0.6
4465 0.6
4466 0.6
4467 0.6
4468 0.6
4469 0.6
4470 0.6
4471 0.6
4472 0.6
4473 0.9
4474 0.9
4475 0.9
4476 0.9
4477 0.9
4478 0.9
4479 0.9
4480 0.9
4481 0.9
4482 0.9
4483 0.9
4484 0.9
4485 0.9
4486 0.9
4487 0.9
4488 0.9
4489 0.9
4490 0.9
4491 0.9
4492 0.9
4493 0.9
4494 1.2
4495 1.2
4496 1.2
4497 1.2
4498 1.2
4499 1.2
4500 1.2
4501 1.2
4502 1.2
4503 1.2
4504 1.2
4505 1.2
4506 1.2
4507 1.2
4508 1.2
4509 1.2
4510 1.2
4511 1.2
4512 1.2
4513 1.2
4514 1.2
4515 0
4516 0
4517 0
4518 0
4519 0
4520 0
4521 0
4522 0
4523 0
4524 0
4525 0
4526 0
4527 0
4528 0
4529 0
4530 0
4531 0
4532 0
4533 0
4534 0
4535 0
4536 0.3
4537 0.3
4538 0.3
4539 0.3
4540 0.3
4541 0.3
4542 0.3
4543 0.3
4544 0.3
4545 0.3
4546 0.3
4547 0.3
4548 0.3
4549 0.3
4550 0.3
4551 0.3
4552 0.3
4553 0.3
4554 0.3
4555 0.3
4556 0.3
4557 0.6
4558 0.6
4559 0.6
4560 0.6
4561 0.6
4562 0.6
4563 0.6
4564 0.6
4565 0.6
4566 0.6
4567 0.6
4568 0.6
4569 0.6
4570 0.6
4571 0.6
4572 0.6
4573 0.6
4574 0.6
4575 0.6
4576 0.6
4577 0.6
4578 0.9
4579 0.9
4580 0.9
4581 0.9
4582 0.9
4583 0.9
4584 0.9
4585 0.9
4586 0.9
4587 0.9
4588 0.9
4589 0.9
4590 0.9
4591 0.9
4592 0.9
4593 0.9
4594 0.9
4595 0.9
4596 0.9
4597 0.9
4598 0.9
4599 1.2
4600 1.2
4601 1.2
4602 1.2
4603 1.2
4604 1.2
4605 1.2
4606 1.2
4607 1.2
4608 1.2
4609 1.2
4610 1.2
4611 1.2
4612 1.2
4613 1.2
4614 1.2
4615 1.2
4616 1.2
4617 1.2
4618 1.2
4619 1.2
4620 0
4621 0
4622 0
4623 0
4624 0
4625 0
4626 0
4627 0
4628 0
4629 0
4630 0
4631 0
4632 0
4633 0
4634 0
4635 0
4636 0
4637 0
4638 0
4639 0
4640 0
4641 0.3
4642 0.3
4643 0.3
4644 0.3
4645 0.3
4646 0.3
4647 0.3
4648 0.3
4649 0.3
4650 0.3
4651 0.3
4652 0.3
4653 0.3
4654 0.3
4655 0.3
4656 0.3
4657 0.3
4658 0.3
4659 0.3
4660 0.3
4661 0.3
4662 0.6
4663 0.6
4664 0.6
4665 0.6
4666 0.6
4667 0.6
4668 0.6
4669 0.6
4670 0.6
4671 0.6
4672 0.6
4673 0.6
4674 0.6
4675 0.6
4676 0.6
4677 0.6
4678 0.6
4679 0.6
4680 0.6
4681 0.6
4682 0.6
4683 0.9
4684 0.9
4685 0.9
4686 0.9
4687 0.9
4688 0.9
4689 0.9
4690 0.9
4691 0.9
4692 0.9
4693 0.9
4694 0.9
4695 0.9
4696 0.9
4697 0.9
4698 0.9
4699 0.9
4700 0.9
4701 0.9
4702 0.9
4703 0.9
4704 1.2
4705 1.2
4706 1.2
4707 1.2
4708 1.2
4709 1.2
4710 1.2
4711 1.2
4712 1.2
4713 1.2
4714 1.2
4715 1.2
4716 1.2
4717 1.2
4718 1.2
4719 1.2
4720 1.2
4721 1.2
4722 1.2
4723 1.2
4724 1.2
