# Table format: 1D
# Input signal 2 of FADEC_FLOW_Demand_5D.txt: Altitude_m vs time
# axis1_unit = s
0 0
0.5 0
1 0
1.5 0
2 0
2.5 0
3 0
3.5 0
4 0
4.5 0
5 0
5.5 0
6 0
6.5 0
7 0
7.5 0
8 0
8.5 0
9 0
9.5 0
10 0
10.5 0
11 0
11.5 0
12 0
12.5 0
13 0
13.5 0
14 0
14.5 0
15 0
15.5 0
16 0
16.5 0
17 0
17.5 0
18 0
18.5 0
19 0
19.5 0
20 0
20.5 0
21 0
21.5 0
22 0
22.5 0
23 0
23.5 0
24 0
24.5 0
25 0
25.5 0
26 0
26.5 0
27 0
27.5 0
28 0
28.5 0
29 0
29.5 0
30 0
30.5 0
31 0
31.5 0
32 0
32.5 0
33 0
33.5 0
34 0
34.5 0
35 0
35.5 0
36 0
36.5 0
37 0
37.5 0
38 0
38.5 0
39 0
39.5 0
40 0
40.5 0
41 0
41.5 0
42 0
42.5 0
43 0
43.5 0
44 0
44.5 0
45 0
45.5 0
46 0
46.5 0
47 0
47.5 0
48 0
48.5 0
49 0
49.5 0
50 0
50.5 0
51 0
51.5 0
52 0
52.5 0
53 0
53.5 0
54 0
54.5 0
55 0
55.5 0
56 0
56.5 0
57 0
57.5 0
58 0
58.5 0
59 0
59.5 0
60 0
60.5 0
61 0
61.5 0
62 0
62.5 0
63 0
63.5 0
64 0
64.5 0
65 0
65.5 0
66 0
66.5 0
67 0
67.5 0
68 0
68.5 0
69 0
69.5 0
70 0
70.5 0
71 0
71.5 0
72 0
72.5 0
73 0
73.5 0
74 0
74.5 0
75 0
75.5 0
76 0
76.5 0
77 0
77.5 0
78 0
78.5 0
79 0
79.5 0
80 0
80.5 0
81 0
81.5 0
82 0
82.5 0
83 0
83.5 0
84 0
84.5 0
85 0
85.5 0
86 0
86.5 0
87 0
87.5 0
88 0
88.5 0
89 0
89.5 0
90 0
90.5 0
91 0
91.5 0
92 0
92.5 0
93 0
93.5 0
94 0
94.5 0
95 0
95.5 0
96 0
96.5 0
97 0
97.5 0
98 0
98.5 0
99 0
99.5 0
100 0
100.5 0
101 0
101.5 0
102 0
102.5 0
103 0
103.5 0
104 0
104.5 0
105 3000
105.5 3000
106 3000
106.5 3000
107 3000
107.5 3000
108 3000
108.5 3000
109 3000
109.5 3000
110 3000
110.5 3000
111 3000
111.5 3000
112 3000
112.5 3000
113 3000
113.5 3000
114 3000
114.5 3000
115 3000
115.5 3000
116 3000
116.5 3000
117 3000
117.5 3000
118 3000
118.5 3000
119 3000
119.5 3000
120 3000
120.5 3000
121 3000
121.5 3000
122 3000
122.5 3000
123 3000
123.5 3000
124 3000
124.5 3000
125 3000
125.5 3000
126 3000
126.5 3000
127 3000
127.5 3000
128 3000
128.5 3000
129 3000
129.5 3000
130 3000
130.5 3000
131 3000
131.5 3000
132 3000
132.5 3000
133 3000
133.5 3000
134 3000
134.5 3000
135 3000
135.5 3000
136 3000
136.5 3000
137 3000
137.5 3000
138 3000
138.5 3000
139 3000
139.5 3000
140 3000
140.5 3000
141 3000
141.5 3000
142 3000
142.5 3000
143 3000
143.5 3000
144 3000
144.5 3000
145 3000
145.5 3000
146 3000
146.5 3000
147 3000
147.5 3000
148 3000
148.5 3000
149 3000
149.5 3000
150 3000
150.5 3000
151 3000
151.5 3000
152 3000
152.5 3000
153 3000
153.5 3000
154 3000
154.5 3000
155 3000
155.5 3000
156 3000
156.5 3000
157 3000
157.5 3000
158 3000
158.5 3000
159 3000
159.5 3000
160 3000
160.5 3000
161 3000
161.5 3000
162 3000
162.5 3000
163 3000
163.5 3000
164 3000
164.5 3000
165 3000
165.5 3000
166 3000
166.5 3000
167 3000
167.5 3000
168 3000
168.5 3000
169 3000
169.5 3000
170 3000
170.5 3000
171 3000
171.5 3000
172 3000
172.5 3000
173 3000
173.5 3000
174 3000
174.5 3000
175 3000
175.5 3000
176 3000
176.5 3000
177 3000
177.5 3000
178 3000
178.5 3000
179 3000
179.5 3000
180 3000
180.5 3000
181 3000
181.5 3000
182 3000
182.5 3000
183 3000
183.5 3000
184 3000
184.5 3000
185 3000
185.5 3000
186 3000
186.5 3000
187 3000
187.5 3000
188 3000
188.5 3000
189 3000
189.5 3000
190 3000
190.5 3000
191 3000
191.5 3000
192 3000
192.5 3000
193 3000
193.5 3000
194 3000
194.5 3000
195 3000
195.5 3000
196 3000
196.5 3000
197 3000
197.5 3000
198 3000
198.5 3000
199 3000
199.5 3000
200 3000
200.5 3000
201 3000
201.5 3000
202 3000
202.5 3000
203 3000
203.5 3000
204 3000
204.5 3000
205 3000
205.5 3000
206 3000
206.5 3000
207 3000
207.5 3000
208 3000
208.5 3000
209 3000
209.5 3000
210 6000
210.5 6000
211 6000
211.5 6000
212 6000
212.5 6000
213 6000
213.5 6000
214 6000
214.5 6000
215 6000
215.5 6000
216 6000
216.5 6000
217 6000
217.5 6000
218 6000
218.5 6000
219 6000
219.5 6000
220 6000
220.5 6000
221 6000
221.5 6000
222 6000
222.5 6000
223 6000
223.5 6000
224 6000
224.5 6000
225 6000
225.5 6000
226 6000
226.5 6000
227 6000
227.5 6000
228 6000
228.5 6000
229 6000
229.5 6000
230 6000
230.5 6000
231 6000
231.5 6000
232 6000
232.5 6000
233 6000
233.5 6000
234 6000
234.5 6000
235 6000
235.5 6000
236 6000
236.5 6000
237 6000
237.5 6000
238 6000
238.5 6000
239 6000
239.5 6000
240 6000
240.5 6000
241 6000
241.5 6000
242 6000
242.5 6000
243 6000
243.5 6000
244 6000
244.5 6000
245 6000
245.5 6000
246 6000
246.5 6000
247 6000
247.5 6000
248 6000
248.5 6000
249 6000
249.5 6000
250 6000
250.5 6000
251 6000
251.5 6000
252 6000
252.5 6000
253 6000
253.5 6000
254 6000
254.5 6000
255 6000
255.5 6000
256 6000
256.5 6000
257 6000
257.5 6000
258 6000
258.5 6000
259 6000
259.5 6000
260 6000
260.5 6000
261 6000
261.5 6000
262 6000
262.5 6000
263 6000
263.5 6000
264 6000
264.5 6000
265 6000
265.5 6000
266 6000
266.5 6000
267 6000
267.5 6000
268 6000
268.5 6000
269 6000
269.5 6000
270 6000
270.5 6000
271 6000
271.5 6000
272 6000
272.5 6000
273 6000
273.5 6000
274 6000
274.5 6000
275 6000
275.5 6000
276 6000
276.5 6000
277 6000
277.5 6000
278 6000
278.5 6000
279 6000
279.5 6000
280 6000
280.5 6000
281 6000
281.5 6000
282 6000
282.5 6000
283 6000
283.5 6000
284 6000
284.5 6000
285 6000
285.5 6000
286 6000
286.5 6000
287 6000
287.5 6000
288 6000
288.5 6000
289 6000
289.5 6000
290 6000
290.5 6000
291 6000
291.5 6000
292 6000
292.5 6000
293 6000
293.5 6000
294 6000
294.5 6000
295 6000
295.5 6000
296 6000
296.5 6000
297 6000
297.5 6000
298 6000
298.5 6000
299 6000
299.5 6000
300 6000
300.5 6000
301 6000
301.5 6000
302 6000
302.5 6000
303 6000
303.5 6000
304 6000
304.5 6000
305 6000
305.5 6000
306 6000
306.5 6000
307 6000
307.5 6000
308 6000
308.5 6000
309 6000
309.5 6000
310 6000
310.5 6000
311 6000
311.5 6000
312 6000
312.5 6000
313 6000
313.5 6000
314 6000
314.5 6000
315 9000
315.5 9000
316 9000
316.5 9000
317 9000
317.5 9000
318 9000
318.5 9000
319 9000
319.5 9000
320 9000
320.5 9000
321 9000
321.5 9000
322 9000
322.5 9000
323 9000
323.5 9000
324 9000
324.5 9000
325 9000
325.5 9000
326 9000
326.5 9000
327 9000
327.5 9000
328 9000
328.5 9000
329 9000
329.5 9000
330 9000
330.5 9000
331 9000
331.5 9000
332 9000
332.5 9000
333 9000
333.5 9000
334 9000
334.5 9000
335 9000
335.5 9000
336 9000
336.5 9000
337 9000
337.5 9000
338 9000
338.5 9000
339 9000
339.5 9000
340 9000
340.5 9000
341 9000
341.5 9000
342 9000
342.5 9000
343 9000
343.5 9000
344 9000
344.5 9000
345 9000
345.5 9000
346 9000
346.5 9000
347 9000
347.5 9000
348 9000
348.5 9000
349 9000
349.5 9000
350 9000
350.5 9000
351 9000
351.5 9000
352 9000
352.5 9000
353 9000
353.5 9000
354 9000
354.5 9000
355 9000
355.5 9000
356 9000
356.5 9000
357 9000
357.5 9000
358 9000
358.5 9000
359 9000
359.5 9000
360 9000
360.5 9000
361 9000
361.5 9000
362 9000
362.5 9000
363 9000
363.5 9000
364 9000
364.5 9000
365 9000
365.5 9000
366 9000
366.5 9000
367 9000
367.5 9000
368 9000
368.5 9000
369 9000
369.5 9000
370 9000
370.5 9000
371 9000
371.5 9000
372 9000
372.5 9000
373 9000
373.5 9000
374 9000
374.5 9000
375 9000
375.5 9000
376 9000
376.5 9000
377 9000
377.5 9000
378 9000
378.5 9000
379 9000
379.5 9000
380 9000
380.5 9000
381 9000
381.5 9000
382 9000
382.5 9000
383 9000
383.5 9000
384 9000
384.5 9000
385 9000
385.5 9000
386 9000
386.5 9000
387 9000
387.5 9000
388 9000
388.5 9000
389 9000
389.5 9000
390 9000
390.5 9000
391 9000
391.5 9000
392 9000
392.5 9000
393 9000
393.5 9000
394 9000
394.5 9000
395 9000
395.5 9000
396 9000
396.5 9000
397 9000
397.5 9000
398 9000
398.5 9000
399 9000
399.5 9000
400 9000
400.5 9000
401 9000
401.5 9000
402 9000
402.5 9000
403 9000
403.5 9000
404 9000
404.5 9000
405 9000
405.5 9000
406 9000
406.5 9000
407 9000
407.5 9000
408 9000
408.5 9000
409 9000
409.5 9000
410 9000
410.5 9000
411 9000
411.5 9000
412 9000
412.5 9000
413 9000
413.5 9000
414 9000
414.5 9000
415 9000
415.5 9000
416 9000
416.5 9000
417 9000
417.5 9000
418 9000
418.5 9000
419 9000
419.5 9000
420 12000
420.5 12000
421 12000
421.5 12000
422 12000
422.5 12000
423 12000
423.5 12000
424 12000
424.5 12000
425 12000
425.5 12000
426 12000
426.5 12000
427 12000
427.5 12000
428 12000
428.5 12000
429 12000
429.5 12000
430 12000
430.5 12000
431 12000
431.5 12000
432 12000
432.5 12000
433 12000
433.5 12000
434 12000
434.5 12000
435 12000
435.5 12000
436 12000
436.5 12000
437 12000
437.5 12000
438 12000
438.5 12000
439 12000
439.5 12000
440 12000
440.5 12000
441 12000
441.5 12000
442 12000
442.5 12000
443 12000
443.5 12000
444 12000
444.5 12000
445 12000
445.5 12000
446 12000
446.5 12000
447 12000
447.5 12000
448 12000
448.5 12000
449 12000
449.5 12000
450 12000
450.5 12000
451 12000
451.5 12000
452 12000
452.5 12000
453 12000
453.5 12000
454 12000
454.5 12000
455 12000
455.5 12000
456 12000
456.5 12000
457 12000
457.5 12000
458 12000
458.5 12000
459 12000
459.5 12000
460 12000
460.5 12000
461 12000
461.5 12000
462 12000
462.5 12000
463 12000
463.5 12000
464 12000
464.5 12000
465 12000
465.5 12000
466 12000
466.5 12000
467 12000
467.5 12000
468 12000
468.5 12000
469 12000
469.5 12000
470 12000
470.5 12000
471 12000
471.5 12000
472 12000
472.5 12000
473 12000
473.5 12000
474 12000
474.5 12000
475 12000
475.5 12000
476 12000
476.5 12000
477 12000
477.5 12000
478 12000
478.5 12000
479 12000
479.5 12000
480 12000
480.5 12000
481 12000
481.5 12000
482 12000
482.5 12000
483 12000
483.5 12000
484 12000
484.5 12000
485 12000
485.5 12000
486 12000
486.5 12000
487 12000
487.5 12000
488 12000
488.5 12000
489 12000
489.5 12000
490 12000
490.5 12000
491 12000
491.5 12000
492 12000
492.5 12000
493 12000
493.5 12000
494 12000
494.5 12000
495 12000
495.5 12000
496 12000
496.5 12000
497 12000
497.5 12000
498 12000
498.5 12000
499 12000
499.5 12000
500 12000
500.5 12000
501 12000
501.5 12000
502 12000
502.5 12000
503 12000
503.5 12000
504 12000
504.5 12000
505 12000
505.5 12000
506 12000
506.5 12000
507 12000
507.5 12000
508 12000
508.5 12000
509 12000
509.5 12000
510 12000
510.5 12000
511 12000
511.5 12000
512 12000
512.5 12000
513 12000
513.5 12000
514 12000
514.5 12000
515 12000
515.5 12000
516 12000
516.5 12000
517 12000
517.5 12000
518 12000
518.5 12000
519 12000
519.5 12000
520 12000
520.5 12000
521 12000
521.5 12000
522 12000
522.5 12000
523 12000
523.5 12000
524 12000
524.5 12000
525 0
525.5 0
526 0
526.5 0
527 0
527.5 0
528 0
528.5 0
529 0
529.5 0
530 0
530.5 0
531 0
531.5 0
532 0
532.5 0
533 0
533.5 0
534 0
534.5 0
535 0
535.5 0
536 0
536.5 0
537 0
537.5 0
538 0
538.5 0
539 0
539.5 0
540 0
540.5 0
541 0
541.5 0
542 0
542.5 0
543 0
543.5 0
544 0
544.5 0
545 0
545.5 0
546 0
546.5 0
547 0
547.5 0
548 0
548.5 0
549 0
549.5 0
550 0
550.5 0
551 0
551.5 0
552 0
552.5 0
553 0
553.5 0
554 0
554.5 0
555 0
555.5 0
556 0
556.5 0
557 0
557.5 0
558 0
558.5 0
559 0
559.5 0
560 0
560.5 0
561 0
561.5 0
562 0
562.5 0
563 0
563.5 0
564 0
564.5 0
565 0
565.5 0
566 0
566.5 0
567 0
567.5 0
568 0
568.5 0
569 0
569.5 0
570 0
570.5 0
571 0
571.5 0
572 0
572.5 0
573 0
573.5 0
574 0
574.5 0
575 0
575.5 0
576 0
576.5 0
577 0
577.5 0
578 0
578.5 0
579 0
579.5 0
580 0
580.5 0
581 0
581.5 0
582 0
582.5 0
583 0
583.5 0
584 0
584.5 0
585 0
585.5 0
586 0
586.5 0
587 0
587.5 0
588 0
588.5 0
589 0
589.5 0
590 0
590.5 0
591 0
591.5 0
592 0
592.5 0
593 0
593.5 0
594 0
594.5 0
595 0
595.5 0
596 0
596.5 0
597 0
597.5 0
598 0
598.5 0
599 0
599.5 0
600 0
600.5 0
601 0
601.5 0
602 0
602.5 0
603 0
603.5 0
604 0
604.5 0
605 0
605.5 0
606 0
606.5 0
607 0
607.5 0
608 0
608.5 0
609 0
609.5 0
610 0
610.5 0
611 0
611.5 0
612 0
612.5 0
613 0
613.5 0
614 0
614.5 0
615 0
615.5 0
616 0
616.5 0
617 0
617.5 0
618 0
618.5 0
619 0
619.5 0
620 0
620.5 0
621 0
621.5 0
622 0
622.5 0
623 0
623.5 0
624 0
624.5 0
625 0
625.5 0
626 0
626.5 0
627 0
627.5 0
628 0
628.5 0
629 0
629.5 0
630 3000
630.5 3000
631 3000
631.5 3000
632 3000
632.5 3000
633 3000
633.5 3000
634 3000
634.5 3000
635 3000
635.5 3000
636 3000
636.5 3000
637 3000
637.5 3000
638 3000
638.5 3000
639 3000
639.5 3000
640 3000
640.5 3000
641 3000
641.5 3000
642 3000
642.5 3000
643 3000
643.5 3000
644 3000
644.5 3000
645 3000
645.5 3000
646 3000
646.5 3000
647 3000
647.5 3000
648 3000
648.5 3000
649 3000
649.5 3000
650 3000
650.5 3000
651 3000
651.5 3000
652 3000
652.5 3000
653 3000
653.5 3000
654 3000
654.5 3000
655 3000
655.5 3000
656 3000
656.5 3000
657 3000
657.5 3000
658 3000
658.5 3000
659 3000
659.5 3000
660 3000
660.5 3000
661 3000
661.5 3000
662 3000
662.5 3000
663 3000
663.5 3000
664 3000
664.5 3000
665 3000
665.5 3000
666 3000
666.5 3000
667 3000
667.5 3000
668 3000
668.5 3000
669 3000
669.5 3000
670 3000
670.5 3000
671 3000
671.5 3000
672 3000
672.5 3000
673 3000
673.5 3000
674 3000
674.5 3000
675 3000
675.5 3000
676 3000
676.5 3000
677 3000
677.5 3000
678 3000
678.5 3000
679 3000
679.5 3000
680 3000
680.5 3000
681 3000
681.5 3000
682 3000
682.5 3000
683 3000
683.5 3000
684 3000
684.5 3000
685 3000
685.5 3000
686 3000
686.5 3000
687 3000
687.5 3000
688 3000
688.5 3000
689 3000
689.5 3000
690 3000
690.5 3000
691 3000
691.5 3000
692 3000
692.5 3000
693 3000
693.5 3000
694 3000
694.5 3000
695 3000
695.5 3000
696 3000
696.5 3000
697 3000
697.5 3000
698 3000
698.5 3000
699 3000
699.5 3000
700 3000
700.5 3000
701 3000
701.5 3000
702 3000
702.5 3000
703 3000
703.5 3000
704 3000
704.5 3000
705 3000
705.5 3000
706 3000
706.5 3000
707 3000
707.5 3000
708 3000
708.5 3000
709 3000
709.5 3000
710 3000
710.5 3000
711 3000
711.5 3000
712 3000
712.5 3000
713 3000
713.5 3000
714 3000
714.5 3000
715 3000
715.5 3000
716 3000
716.5 3000
717 3000
717.5 3000
718 3000
718.5 3000
719 3000
719.5 3000
720 3000
720.5 3000
721 3000
721.5 3000
722 3000
722.5 3000
723 3000
723.5 3000
724 3000
724.5 3000
725 3000
725.5 3000
726 3000
726.5 3000
727 3000
727.5 3000
728 3000
728.5 3000
729 3000
729.5 3000
730 3000
730.5 3000
731 3000
731.5 3000
732 3000
732.5 3000
733 3000
733.5 3000
734 3000
734.5 3000
735 6000
735.5 6000
736 6000
736.5 6000
737 6000
737.5 6000
738 6000
738.5 6000
739 6000
739.5 6000
740 6000
740.5 6000
741 6000
741.5 6000
742 6000
742.5 6000
743 6000
743.5 6000
744 6000
744.5 6000
745 6000
745.5 6000
746 6000
746.5 6000
747 6000
747.5 6000
748 6000
748.5 6000
749 6000
749.5 6000
750 6000
750.5 6000
751 6000
751.5 6000
752 6000
752.5 6000
753 6000
753.5 6000
754 6000
754.5 6000
755 6000
755.5 6000
756 6000
756.5 6000
757 6000
757.5 6000
758 6000
758.5 6000
759 6000
759.5 6000
760 6000
760.5 6000
761 6000
761.5 6000
762 6000
762.5 6000
763 6000
763.5 6000
764 6000
764.5 6000
765 6000
765.5 6000
766 6000
766.5 6000
767 6000
767.5 6000
768 6000
768.5 6000
769 6000
769.5 6000
770 6000
770.5 6000
771 6000
771.5 6000
772 6000
772.5 6000
773 6000
773.5 6000
774 6000
774.5 6000
775 6000
775.5 6000
776 6000
776.5 6000
777 6000
777.5 6000
778 6000
778.5 6000
779 6000
779.5 6000
780 6000
780.5 6000
781 6000
781.5 6000
782 6000
782.5 6000
783 6000
783.5 6000
784 6000
784.5 6000
785 6000
785.5 6000
786 6000
786.5 6000
787 6000
787.5 6000
788 6000
788.5 6000
789 6000
789.5 6000
790 6000
790.5 6000
791 6000
791.5 6000
792 6000
792.5 6000
793 6000
793.5 6000
794 6000
794.5 6000
795 6000
795.5 6000
796 6000
796.5 6000
797 6000
797.5 6000
798 6000
798.5 6000
799 6000
799.5 6000
800 6000
800.5 6000
801 6000
801.5 6000
802 6000
802.5 6000
803 6000
803.5 6000
804 6000
804.5 6000
805 6000
805.5 6000
806 6000
806.5 6000
807 6000
807.5 6000
808 6000
808.5 6000
809 6000
809.5 6000
810 6000
810.5 6000
811 6000
811.5 6000
812 6000
812.5 6000
813 6000
813.5 6000
814 6000
814.5 6000
815 6000
815.5 6000
816 6000
816.5 6000
817 6000
817.5 6000
818 6000
818.5 6000
819 6000
819.5 6000
820 6000
820.5 6000
821 6000
821.5 6000
822 6000
822.5 6000
823 6000
823.5 6000
824 6000
824.5 6000
825 6000
825.5 6000
826 6000
826.5 6000
827 6000
827.5 6000
828 6000
828.5 6000
829 6000
829.5 6000
830 6000
830.5 6000
831 6000
831.5 6000
832 6000
832.5 6000
833 6000
833.5 6000
834 6000
834.5 6000
835 6000
835.5 6000
836 6000
836.5 6000
837 6000
837.5 6000
838 6000
838.5 6000
839 6000
839.5 6000
840 9000
840.5 9000
841 9000
841.5 9000
842 9000
842.5 9000
843 9000
843.5 9000
844 9000
844.5 9000
845 9000
845.5 9000
846 9000
846.5 9000
847 9000
847.5 9000
848 9000
848.5 9000
849 9000
849.5 9000
850 9000
850.5 9000
851 9000
851.5 9000
852 9000
852.5 9000
853 9000
853.5 9000
854 9000
854.5 9000
855 9000
855.5 9000
856 9000
856.5 9000
857 9000
857.5 9000
858 9000
858.5 9000
859 9000
859.5 9000
860 9000
860.5 9000
861 9000
861.5 9000
862 9000
862.5 9000
863 9000
863.5 9000
864 9000
864.5 9000
865 9000
865.5 9000
866 9000
866.5 9000
867 9000
867.5 9000
868 9000
868.5 9000
869 9000
869.5 9000
870 9000
870.5 9000
871 9000
871.5 9000
872 9000
872.5 9000
873 9000
873.5 9000
874 9000
874.5 9000
875 9000
875.5 9000
876 9000
876.5 9000
877 9000
877.5 9000
878 9000
878.5 9000
879 9000
879.5 9000
880 9000
880.5 9000
881 9000
881.5 9000
882 9000
882.5 9000
883 9000
883.5 9000
884 9000
884.5 9000
885 9000
885.5 9000
886 9000
886.5 9000
887 9000
887.5 9000
888 9000
888.5 9000
889 9000
889.5 9000
890 9000
890.5 9000
891 9000
891.5 9000
892 9000
892.5 9000
893 9000
893.5 9000
894 9000
894.5 9000
895 9000
895.5 9000
896 9000
896.5 9000
897 9000
897.5 9000
898 9000
898.5 9000
899 9000
899.5 9000
900 9000
900.5 9000
901 9000
901.5 9000
902 9000
902.5 9000
903 9000
903.5 9000
904 9000
904.5 9000
905 9000
905.5 9000
906 9000
906.5 9000
907 9000
907.5 9000
908 9000
908.5 9000
909 9000
909.5 9000
910 9000
910.5 9000
911 9000
911.5 9000
912 9000
912.5 9000
913 9000
913.5 9000
914 9000
914.5 9000
915 9000
915.5 9000
916 9000
916.5 9000
917 9000
917.5 9000
918 9000
918.5 9000
919 9000
919.5 9000
920 9000
920.5 9000
921 9000
921.5 9000
922 9000
922.5 9000
923 9000
923.5 9000
924 9000
924.5 9000
925 9000
925.5 9000
926 9000
926.5 9000
927 9000
927.5 9000
928 9000
928.5 9000
929 9000
929.5 9000
930 9000
930.5 9000
931 9000
931.5 9000
932 9000
932.5 9000
933 9000
933.5 9000
934 9000
934.5 9000
935 9000
935.5 9000
936 9000
936.5 9000
937 9000
937.5 9000
938 9000
938.5 9000
939 9000
939.5 9000
940 9000
940.5 9000
941 9000
941.5 9000
942 9000
942.5 9000
943 9000
943.5 9000
944 9000
944.5 9000
945 12000
945.5 12000
946 12000
946.5 12000
947 12000
947.5 12000
948 12000
948.5 12000
949 12000
949.5 12000
950 12000
950.5 12000
951 12000
951.5 12000
952 12000
952.5 12000
953 12000
953.5 12000
954 12000
954.5 12000
955 12000
955.5 12000
956 12000
956.5 12000
957 12000
957.5 12000
958 12000
958.5 12000
959 12000
959.5 12000
960 12000
960.5 12000
961 12000
961.5 12000
962 12000
962.5 12000
963 12000
963.5 12000
964 12000
964.5 12000
965 12000
965.5 12000
966 12000
966.5 12000
967 12000
967.5 12000
968 12000
968.5 12000
969 12000
969.5 12000
970 12000
970.5 12000
971 12000
971.5 12000
972 12000
972.5 12000
973 12000
973.5 12000
974 12000
974.5 12000
975 12000
975.5 12000
976 12000
976.5 12000
977 12000
977.5 12000
978 12000
978.5 12000
979 12000
979.5 12000
980 12000
980.5 12000
981 12000
981.5 12000
982 12000
982.5 12000
983 12000
983.5 12000
984 12000
984.5 12000
985 12000
985.5 12000
986 12000
986.5 12000
987 12000
987.5 12000
988 12000
988.5 12000
989 12000
989.5 12000
990 12000
990.5 12000
991 12000
991.5 12000
992 12000
992.5 12000
993 12000
993.5 12000
994 12000
994.5 12000
995 12000
995.5 12000
996 12000
996.5 12000
997 12000
997.5 12000
998 12000
998.5 12000
999 12000
999.5 12000
1000 12000
1000.5 12000
1001 12000
1001.5 12000
1002 12000
1002.5 12000
1003 12000
1003.5 12000
1004 12000
1004.5 12000
1005 12000
1005.5 12000
1006 12000
1006.5 12000
1007 12000
1007.5 12000
1008 12000
1008.5 12000
1009 12000
1009.5 12000
1010 12000
1010.5 12000
1011 12000
1011.5 12000
1012 12000
1012.5 12000
1013 12000
1013.5 12000
1014 12000
1014.5 12000
1015 12000
1015.5 12000
1016 12000
1016.5 12000
1017 12000
1017.5 12000
1018 12000
1018.5 12000
1019 12000
1019.5 12000
1020 12000
1020.5 12000
1021 12000
1021.5 12000
1022 12000
1022.5 12000
1023 12000
1023.5 12000
1024 12000
1024.5 12000
1025 12000
1025.5 12000
1026 12000
1026.5 12000
1027 12000
1027.5 12000
1028 12000
1028.5 12000
1029 12000
1029.5 12000
1030 12000
1030.5 12000
1031 12000
1031.5 12000
1032 12000
1032.5 12000
1033 12000
1033.5 12000
1034 12000
1034.5 12000
1035 12000
1035.5 12000
1036 12000
1036.5 12000
1037 12000
1037.5 12000
1038 12000
1038.5 12000
1039 12000
1039.5 12000
1040 12000
1040.5 12000
1041 12000
1041.5 12000
1042 12000
1042.5 12000
1043 12000
1043.5 12000
1044 12000
1044.5 12000
1045 12000
1045.5 12000
1046 12000
1046.5 12000
1047 12000
1047.5 12000
1048 12000
1048.5 12000
1049 12000
1049.5 12000
1050 0
1050.5 0
1051 0
1051.5 0
1052 0
1052.5 0
1053 0
1053.5 0
1054 0
1054.5 0
1055 0
1055.5 0
1056 0
1056.5 0
1057 0
1057.5 0
1058 0
1058.5 0
1059 0
1059.5 0
1060 0
1060.5 0
1061 0
1061.5 0
1062 0
1062.5 0
1063 0
1063.5 0
1064 0
1064.5 0
1065 0
1065.5 0
1066 0
1066.5 0
1067 0
1067.5 0
1068 0
1068.5 0
1069 0
1069.5 0
1070 0
1070.5 0
1071 0
1071.5 0
1072 0
1072.5 0
1073 0
1073.5 0
1074 0
1074.5 0
1075 0
1075.5 0
1076 0
1076.5 0
1077 0
1077.5 0
1078 0
1078.5 0
1079 0
1079.5 0
1080 0
1080.5 0
1081 0
1081.5 0
1082 0
1082.5 0
1083 0
1083.5 0
1084 0
1084.5 0
1085 0
1085.5 0
1086 0
1086.5 0
1087 0
1087.5 0
1088 0
1088.5 0
1089 0
1089.5 0
1090 0
1090.5 0
1091 0
1091.5 0
1092 0
1092.5 0
1093 0
1093.5 0
1094 0
1094.5 0
1095 0
1095.5 0
1096 0
1096.5 0
1097 0
1097.5 0
1098 0
1098.5 0
1099 0
1099.5 0
1100 0
1100.5 0
1101 0
1101.5 0
1102 0
1102.5 0
1103 0
1103.5 0
1104 0
1104.5 0
1105 0
1105.5 0
1106 0
1106.5 0
1107 0
1107.5 0
1108 0
1108.5 0
1109 0
1109.5 0
1110 0
1110.5 0
1111 0
1111.5 0
1112 0
1112.5 0
1113 0
1113.5 0
1114 0
1114.5 0
1115 0
1115.5 0
1116 0
1116.5 0
1117 0
1117.5 0
1118 0
1118.5 0
1119 0
1119.5 0
1120 0
1120.5 0
1121 0
1121.5 0
1122 0
1122.5 0
1123 0
1123.5 0
1124 0
1124.5 0
1125 0
1125.5 0
1126 0
1126.5 0
1127 0
1127.5 0
1128 0
1128.5 0
1129 0
1129.5 0
1130 0
1130.5 0
1131 0
1131.5 0
1132 0
1132.5 0
1133 0
1133.5 0
1134 0
1134.5 0
1135 0
1135.5 0
1136 0
1136.5 0
1137 0
1137.5 0
1138 0
1138.5 0
1139 0
1139.5 0
1140 0
1140.5 0
1141 0
1141.5 0
1142 0
1142.5 0
1143 0
1143.5 0
1144 0
1144.5 0
1145 0
1145.5 0
1146 0
1146.5 0
1147 0
1147.5 0
1148 0
1148.5 0
1149 0
1149.5 0
1150 0
1150.5 0
1151 0
1151.5 0
1152 0
1152.5 0
1153 0
1153.5 0
1154 0
1154.5 0
1155 3000
1155.5 3000
1156 3000
1156.5 3000
1157 3000
1157.5 3000
1158 3000
1158.5 3000
1159 3000
1159.5 3000
1160 3000
1160.5 3000
1161 3000
1161.5 3000
1162 3000
1162.5 3000
1163 3000
1163.5 3000
1164 3000
1164.5 3000
1165 3000
1165.5 3000
1166 3000
1166.5 3000
1167 3000
1167.5 3000
1168 3000
1168.5 3000
1169 3000
1169.5 3000
1170 3000
1170.5 3000
1171 3000
1171.5 3000
1172 3000
1172.5 3000
1173 3000
1173.5 3000
1174 3000
1174.5 3000
1175 3000
1175.5 3000
1176 3000
1176.5 3000
1177 3000
1177.5 3000
1178 3000
1178.5 3000
1179 3000
1179.5 3000
1180 3000
1180.5 3000
1181 3000
1181.5 3000
1182 3000
1182.5 3000
1183 3000
1183.5 3000
1184 3000
1184.5 3000
1185 3000
1185.5 3000
1186 3000
1186.5 3000
1187 3000
1187.5 3000
1188 3000
1188.5 3000
1189 3000
1189.5 3000
1190 3000
1190.5 3000
1191 3000
1191.5 3000
1192 3000
1192.5 3000
1193 3000
1193.5 3000
1194 3000
1194.5 3000
1195 3000
1195.5 3000
1196 3000
1196.5 3000
1197 3000
1197.5 3000
1198 3000
1198.5 3000
1199 3000
1199.5 3000
1200 3000
1200.5 3000
1201 3000
1201.5 3000
1202 3000
1202.5 3000
1203 3000
1203.5 3000
1204 3000
1204.5 3000
1205 3000
1205.5 3000
1206 3000
1206.5 3000
1207 3000
1207.5 3000
1208 3000
1208.5 3000
1209 3000
1209.5 3000
1210 3000
1210.5 3000
1211 3000
1211.5 3000
1212 3000
1212.5 3000
1213 3000
1213.5 3000
1214 3000
1214.5 3000
1215 3000
1215.5 3000
1216 3000
1216.5 3000
1217 3000
1217.5 3000
1218 3000
1218.5 3000
1219 3000
1219.5 3000
1220 3000
1220.5 3000
1221 3000
1221.5 3000
1222 3000
1222.5 3000
1223 3000
1223.5 3000
1224 3000
1224.5 3000
1225 3000
1225.5 3000
1226 3000
1226.5 3000
1227 3000
1227.5 3000
1228 3000
1228.5 3000
1229 3000
1229.5 3000
1230 3000
1230.5 3000
1231 3000
1231.5 3000
1232 3000
1232.5 3000
1233 3000
1233.5 3000
1234 3000
1234.5 3000
1235 3000
1235.5 3000
1236 3000
1236.5 3000
1237 3000
1237.5 3000
1238 3000
1238.5 3000
1239 3000
1239.5 3000
1240 3000
1240.5 3000
1241 3000
1241.5 3000
1242 3000
1242.5 3000
1243 3000
1243.5 3000
1244 3000
1244.5 3000
1245 3000
1245.5 3000
1246 3000
1246.5 3000
1247 3000
1247.5 3000
1248 3000
1248.5 3000
1249 3000
1249.5 3000
1250 3000
1250.5 3000
1251 3000
1251.5 3000
1252 3000
1252.5 3000
1253 3000
1253.5 3000
1254 3000
1254.5 3000
1255 3000
1255.5 3000
1256 3000
1256.5 3000
1257 3000
1257.5 3000
1258 3000
1258.5 3000
1259 3000
1259.5 3000
1260 6000
1260.5 6000
1261 6000
1261.5 6000
1262 6000
1262.5 6000
1263 6000
1263.5 6000
1264 6000
1264.5 6000
1265 6000
1265.5 6000
1266 6000
1266.5 6000
1267 6000
1267.5 6000
1268 6000
1268.5 6000
1269 6000
1269.5 6000
1270 6000
1270.5 6000
1271 6000
1271.5 6000
1272 6000
1272.5 6000
1273 6000
1273.5 6000
1274 6000
1274.5 6000
1275 6000
1275.5 6000
1276 6000
1276.5 6000
1277 6000
1277.5 6000
1278 6000
1278.5 6000
1279 6000
1279.5 6000
1280 6000
1280.5 6000
1281 6000
1281.5 6000
1282 6000
1282.5 6000
1283 6000
1283.5 6000
1284 6000
1284.5 6000
1285 6000
1285.5 6000
1286 6000
1286.5 6000
1287 6000
1287.5 6000
1288 6000
1288.5 6000
1289 6000
1289.5 6000
1290 6000
1290.5 6000
1291 6000
1291.5 6000
1292 6000
1292.5 6000
1293 6000
1293.5 6000
1294 6000
1294.5 6000
1295 6000
1295.5 6000
1296 6000
1296.5 6000
1297 6000
1297.5 6000
1298 6000
1298.5 6000
1299 6000
1299.5 6000
1300 6000
1300.5 6000
1301 6000
1301.5 6000
1302 6000
1302.5 6000
1303 6000
1303.5 6000
1304 6000
1304.5 6000
1305 6000
1305.5 6000
1306 6000
1306.5 6000
1307 6000
1307.5 6000
1308 6000
1308.5 6000
1309 6000
1309.5 6000
1310 6000
1310.5 6000
1311 6000
1311.5 6000
1312 6000
1312.5 6000
1313 6000
1313.5 6000
1314 6000
1314.5 6000
1315 6000
1315.5 6000
1316 6000
1316.5 6000
1317 6000
1317.5 6000
1318 6000
1318.5 6000
1319 6000
1319.5 6000
1320 6000
1320.5 6000
1321 6000
1321.5 6000
1322 6000
1322.5 6000
1323 6000
1323.5 6000
1324 6000
1324.5 6000
1325 6000
1325.5 6000
1326 6000
1326.5 6000
1327 6000
1327.5 6000
1328 6000
1328.5 6000
1329 6000
1329.5 6000
1330 6000
1330.5 6000
1331 6000
1331.5 6000
1332 6000
1332.5 6000
1333 6000
1333.5 6000
1334 6000
1334.5 6000
1335 6000
1335.5 6000
1336 6000
1336.5 6000
1337 6000
1337.5 6000
1338 6000
1338.5 6000
1339 6000
1339.5 6000
1340 6000
1340.5 6000
1341 6000
1341.5 6000
1342 6000
1342.5 6000
1343 6000
1343.5 6000
1344 6000
1344.5 6000
1345 6000
1345.5 6000
1346 6000
1346.5 6000
1347 6000
1347.5 6000
1348 6000
1348.5 6000
1349 6000
1349.5 6000
1350 6000
1350.5 6000
1351 6000
1351.5 6000
1352 6000
1352.5 6000
1353 6000
1353.5 6000
1354 6000
1354.5 6000
1355 6000
1355.5 6000
1356 6000
1356.5 6000
1357 6000
1357.5 6000
1358 6000
1358.5 6000
1359 6000
1359.5 6000
1360 6000
1360.5 6000
1361 6000
1361.5 6000
1362 6000
1362.5 6000
1363 6000
1363.5 6000
1364 6000
1364.5 6000
1365 9000
1365.5 9000
1366 9000
1366.5 9000
1367 9000
1367.5 9000
1368 9000
1368.5 9000
1369 9000
1369.5 9000
1370 9000
1370.5 9000
1371 9000
1371.5 9000
1372 9000
1372.5 9000
1373 9000
1373.5 9000
1374 9000
1374.5 9000
1375 9000
1375.5 9000
1376 9000
1376.5 9000
1377 9000
1377.5 9000
1378 9000
1378.5 9000
1379 9000
1379.5 9000
1380 9000
1380.5 9000
1381 9000
1381.5 9000
1382 9000
1382.5 9000
1383 9000
1383.5 9000
1384 9000
1384.5 9000
1385 9000
1385.5 9000
1386 9000
1386.5 9000
1387 9000
1387.5 9000
1388 9000
1388.5 9000
1389 9000
1389.5 9000
1390 9000
1390.5 9000
1391 9000
1391.5 9000
1392 9000
1392.5 9000
1393 9000
1393.5 9000
1394 9000
1394.5 9000
1395 9000
1395.5 9000
1396 9000
1396.5 9000
1397 9000
1397.5 9000
1398 9000
1398.5 9000
1399 9000
1399.5 9000
1400 9000
1400.5 9000
1401 9000
1401.5 9000
1402 9000
1402.5 9000
1403 9000
1403.5 9000
1404 9000
1404.5 9000
1405 9000
1405.5 9000
1406 9000
1406.5 9000
1407 9000
1407.5 9000
1408 9000
1408.5 9000
1409 9000
1409.5 9000
1410 9000
1410.5 9000
1411 9000
1411.5 9000
1412 9000
1412.5 9000
1413 9000
1413.5 9000
1414 9000
1414.5 9000
1415 9000
1415.5 9000
1416 9000
1416.5 9000
1417 9000
1417.5 9000
1418 9000
1418.5 9000
1419 9000
1419.5 9000
1420 9000
1420.5 9000
1421 9000
1421.5 9000
1422 9000
1422.5 9000
1423 9000
1423.5 9000
1424 9000
1424.5 9000
1425 9000
1425.5 9000
1426 9000
1426.5 9000
1427 9000
1427.5 9000
1428 9000
1428.5 9000
1429 9000
1429.5 9000
1430 9000
1430.5 9000
1431 9000
1431.5 9000
1432 9000
1432.5 9000
1433 9000
1433.5 9000
1434 9000
1434.5 9000
1435 9000
1435.5 9000
1436 9000
1436.5 9000
1437 9000
1437.5 9000
1438 9000
1438.5 9000
1439 9000
1439.5 9000
1440 9000
1440.5 9000
1441 9000
1441.5 9000
1442 9000
1442.5 9000
1443 9000
1443.5 9000
1444 9000
1444.5 9000
1445 9000
1445.5 9000
1446 9000
1446.5 9000
1447 9000
1447.5 9000
1448 9000
1448.5 9000
1449 9000
1449.5 9000
1450 9000
1450.5 9000
1451 9000
1451.5 9000
1452 9000
1452.5 9000
1453 9000
1453.5 9000
1454 9000
1454.5 9000
1455 9000
1455.5 9000
1456 9000
1456.5 9000
1457 9000
1457.5 9000
1458 9000
1458.5 9000
1459 9000
1459.5 9000
1460 9000
1460.5 9000
1461 9000
1461.5 9000
1462 9000
1462.5 9000
1463 9000
1463.5 9000
1464 9000
1464.5 9000
1465 9000
1465.5 9000
1466 9000
1466.5 9000
1467 9000
1467.5 9000
1468 9000
1468.5 9000
1469 9000
1469.5 9000
1470 12000
1470.5 12000
1471 12000
1471.5 12000
1472 12000
1472.5 12000
1473 12000
1473.5 12000
1474 12000
1474.5 12000
1475 12000
1475.5 12000
1476 12000
1476.5 12000
1477 12000
1477.5 12000
1478 12000
1478.5 12000
1479 12000
1479.5 12000
1480 12000
1480.5 12000
1481 12000
1481.5 12000
1482 12000
1482.5 12000
1483 12000
1483.5 12000
1484 12000
1484.5 12000
1485 12000
1485.5 12000
1486 12000
1486.5 12000
1487 12000
1487.5 12000
1488 12000
1488.5 12000
1489 12000
1489.5 12000
1490 12000
1490.5 12000
1491 12000
1491.5 12000
1492 12000
1492.5 12000
1493 12000
1493.5 12000
1494 12000
1494.5 12000
1495 12000
1495.5 12000
1496 12000
1496.5 12000
1497 12000
1497.5 12000
1498 12000
1498.5 12000
1499 12000
1499.5 12000
1500 12000
1500.5 12000
1501 12000
1501.5 12000
1502 12000
1502.5 12000
1503 12000
1503.5 12000
1504 12000
1504.5 12000
1505 12000
1505.5 12000
1506 12000
1506.5 12000
1507 12000
1507.5 12000
1508 12000
1508.5 12000
1509 12000
1509.5 12000
1510 12000
1510.5 12000
1511 12000
1511.5 12000
1512 12000
1512.5 12000
1513 12000
1513.5 12000
1514 12000
1514.5 12000
1515 12000
1515.5 12000
1516 12000
1516.5 12000
1517 12000
1517.5 12000
1518 12000
1518.5 12000
1519 12000
1519.5 12000
1520 12000
1520.5 12000
1521 12000
1521.5 12000
1522 12000
1522.5 12000
1523 12000
1523.5 12000
1524 12000
1524.5 12000
1525 12000
1525.5 12000
1526 12000
1526.5 12000
1527 12000
1527.5 12000
1528 12000
1528.5 12000
1529 12000
1529.5 12000
1530 12000
1530.5 12000
1531 12000
1531.5 12000
1532 12000
1532.5 12000
1533 12000
1533.5 12000
1534 12000
1534.5 12000
1535 12000
1535.5 12000
1536 12000
1536.5 12000
1537 12000
1537.5 12000
1538 12000
1538.5 12000
1539 12000
1539.5 12000
1540 12000
1540.5 12000
1541 12000
1541.5 12000
1542 12000
1542.5 12000
1543 12000
1543.5 12000
1544 12000
1544.5 12000
1545 12000
1545.5 12000
1546 12000
1546.5 12000
1547 12000
1547.5 12000
1548 12000
1548.5 12000
1549 12000
1549.5 12000
1550 12000
1550.5 12000
1551 12000
1551.5 12000
1552 12000
1552.5 12000
1553 12000
1553.5 12000
1554 12000
1554.5 12000
1555 12000
1555.5 12000
1556 12000
1556.5 12000
1557 12000
1557.5 12000
1558 12000
1558.5 12000
1559 12000
1559.5 12000
1560 12000
1560.5 12000
1561 12000
1561.5 12000
1562 12000
1562.5 12000
1563 12000
1563.5 12000
1564 12000
1564.5 12000
1565 12000
1565.5 12000
1566 12000
1566.5 12000
1567 12000
1567.5 12000
1568 12000
1568.5 12000
1569 12000
1569.5 12000
1570 12000
1570.5 12000
1571 12000
1571.5 12000
1572 12000
1572.5 12000
1573 12000
1573.5 12000
1574 12000
1574.5 12000
1575 0
1575.5 0
1576 0
1576.5 0
1577 0
1577.5 0
1578 0
1578.5 0
1579 0
1579.5 0
1580 0
1580.5 0
1581 0
1581.5 0
1582 0
1582.5 0
1583 0
1583.5 0
1584 0
1584.5 0
1585 0
1585.5 0
1586 0
1586.5 0
1587 0
1587.5 0
1588 0
1588.5 0
1589 0
1589.5 0
1590 0
1590.5 0
1591 0
1591.5 0
1592 0
1592.5 0
1593 0
1593.5 0
1594 0
1594.5 0
1595 0
1595.5 0
1596 0
1596.5 0
1597 0
1597.5 0
1598 0
1598.5 0
1599 0
1599.5 0
1600 0
1600.5 0
1601 0
1601.5 0
1602 0
1602.5 0
1603 0
1603.5 0
1604 0
1604.5 0
1605 0
1605.5 0
1606 0
1606.5 0
1607 0
1607.5 0
1608 0
1608.5 0
1609 0
1609.5 0
1610 0
1610.5 0
1611 0
1611.5 0
1612 0
1612.5 0
1613 0
1613.5 0
1614 0
1614.5 0
1615 0
1615.5 0
1616 0
1616.5 0
1617 0
1617.5 0
1618 0
1618.5 0
1619 0
1619.5 0
1620 0
1620.5 0
1621 0
1621.5 0
1622 0
1622.5 0
1623 0
1623.5 0
1624 0
1624.5 0
1625 0
1625.5 0
1626 0
1626.5 0
1627 0
1627.5 0
1628 0
1628.5 0
1629 0
1629.5 0
1630 0
1630.5 0
1631 0
1631.5 0
1632 0
1632.5 0
1633 0
1633.5 0
1634 0
1634.5 0
1635 0
1635.5 0
1636 0
1636.5 0
1637 0
1637.5 0
1638 0
1638.5 0
1639 0
1639.5 0
1640 0
1640.5 0
1641 0
1641.5 0
1642 0
1642.5 0
1643 0
1643.5 0
1644 0
1644.5 0
1645 0
1645.5 0
1646 0
1646.5 0
1647 0
1647.5 0
1648 0
1648.5 0
1649 0
1649.5 0
1650 0
1650.5 0
1651 0
1651.5 0
1652 0
1652.5 0
1653 0
1653.5 0
1654 0
1654.5 0
1655 0
1655.5 0
1656 0
1656.5 0
1657 0
1657.5 0
1658 0
1658.5 0
1659 0
1659.5 0
1660 0
1660.5 0
1661 0
1661.5 0
1662 0
1662.5 0
1663 0
1663.5 0
1664 0
1664.5 0
1665 0
1665.5 0
1666 0
1666.5 0
1667 0
1667.5 0
1668 0
1668.5 0
1669 0
1669.5 0
1670 0
1670.5 0
1671 0
1671.5 0
1672 0
1672.5 0
1673 0
1673.5 0
1674 0
1674.5 0
1675 0
1675.5 0
1676 0
1676.5 0
1677 0
1677.5 0
1678 0
1678.5 0
1679 0
1679.5 0
1680 3000
1680.5 3000
1681 3000
1681.5 3000
1682 3000
1682.5 3000
1683 3000
1683.5 3000
1684 3000
1684.5 3000
1685 3000
1685.5 3000
1686 3000
1686.5 3000
1687 3000
1687.5 3000
1688 3000
1688.5 3000
1689 3000
1689.5 3000
1690 3000
1690.5 3000
1691 3000
1691.5 3000
1692 3000
1692.5 3000
1693 3000
1693.5 3000
1694 3000
1694.5 3000
1695 3000
1695.5 3000
1696 3000
1696.5 3000
1697 3000
1697.5 3000
1698 3000
1698.5 3000
1699 3000
1699.5 3000
1700 3000
1700.5 3000
1701 3000
1701.5 3000
1702 3000
1702.5 3000
1703 3000
1703.5 3000
1704 3000
1704.5 3000
1705 3000
1705.5 3000
1706 3000
1706.5 3000
1707 3000
1707.5 3000
1708 3000
1708.5 3000
1709 3000
1709.5 3000
1710 3000
1710.5 3000
1711 3000
1711.5 3000
1712 3000
1712.5 3000
1713 3000
1713.5 3000
1714 3000
1714.5 3000
1715 3000
1715.5 3000
1716 3000
1716.5 3000
1717 3000
1717.5 3000
1718 3000
1718.5 3000
1719 3000
1719.5 3000
1720 3000
1720.5 3000
1721 3000
1721.5 3000
1722 3000
1722.5 3000
1723 3000
1723.5 3000
1724 3000
1724.5 3000
1725 3000
1725.5 3000
1726 3000
1726.5 3000
1727 3000
1727.5 3000
1728 3000
1728.5 3000
1729 3000
1729.5 3000
1730 3000
1730.5 3000
1731 3000
1731.5 3000
1732 3000
1732.5 3000
1733 3000
1733.5 3000
1734 3000
1734.5 3000
1735 3000
1735.5 3000
1736 3000
1736.5 3000
1737 3000
1737.5 3000
1738 3000
1738.5 3000
1739 3000
1739.5 3000
1740 3000
1740.5 3000
1741 3000
1741.5 3000
1742 3000
1742.5 3000
1743 3000
1743.5 3000
1744 3000
1744.5 3000
1745 3000
1745.5 3000
1746 3000
1746.5 3000
1747 3000
1747.5 3000
1748 3000
1748.5 3000
1749 3000
1749.5 3000
1750 3000
1750.5 3000
1751 3000
1751.5 3000
1752 3000
1752.5 3000
1753 3000
1753.5 3000
1754 3000
1754.5 3000
1755 3000
1755.5 3000
1756 3000
1756.5 3000
1757 3000
1757.5 3000
1758 3000
1758.5 3000
1759 3000
1759.5 3000
1760 3000
1760.5 3000
1761 3000
1761.5 3000
1762 3000
1762.5 3000
1763 3000
1763.5 3000
1764 3000
1764.5 3000
1765 3000
1765.5 3000
1766 3000
1766.5 3000
1767 3000
1767.5 3000
1768 3000
1768.5 3000
1769 3000
1769.5 3000
1770 3000
1770.5 3000
1771 3000
1771.5 3000
1772 3000
1772.5 3000
1773 3000
1773.5 3000
1774 3000
1774.5 3000
1775 3000
1775.5 3000
1776 3000
1776.5 3000
1777 3000
1777.5 3000
1778 3000
1778.5 3000
1779 3000
1779.5 3000
1780 3000
1780.5 3000
1781 3000
1781.5 3000
1782 3000
1782.5 3000
1783 3000
1783.5 3000
1784 3000
1784.5 3000
1785 6000
1785.5 6000
1786 6000
1786.5 6000
1787 6000
1787.5 6000
1788 6000
1788.5 6000
1789 6000
1789.5 6000
1790 6000
1790.5 6000
1791 6000
1791.5 6000
1792 6000
1792.5 6000
1793 6000
1793.5 6000
1794 6000
1794.5 6000
1795 6000
1795.5 6000
1796 6000
1796.5 6000
1797 6000
1797.5 6000
1798 6000
1798.5 6000
1799 6000
1799.5 6000
1800 6000
1800.5 6000
1801 6000
1801.5 6000
1802 6000
1802.5 6000
1803 6000
1803.5 6000
1804 6000
1804.5 6000
1805 6000
1805.5 6000
1806 6000
1806.5 6000
1807 6000
1807.5 6000
1808 6000
1808.5 6000
1809 6000
1809.5 6000
1810 6000
1810.5 6000
1811 6000
1811.5 6000
1812 6000
1812.5 6000
1813 6000
1813.5 6000
1814 6000
1814.5 6000
1815 6000
1815.5 6000
1816 6000
1816.5 6000
1817 6000
1817.5 6000
1818 6000
1818.5 6000
1819 6000
1819.5 6000
1820 6000
1820.5 6000
1821 6000
1821.5 6000
1822 6000
1822.5 6000
1823 6000
1823.5 6000
1824 6000
1824.5 6000
1825 6000
1825.5 6000
1826 6000
1826.5 6000
1827 6000
1827.5 6000
1828 6000
1828.5 6000
1829 6000
1829.5 6000
1830 6000
1830.5 6000
1831 6000
1831.5 6000
1832 6000
1832.5 6000
1833 6000
1833.5 6000
1834 6000
1834.5 6000
1835 6000
1835.5 6000
1836 6000
1836.5 6000
1837 6000
1837.5 6000
1838 6000
1838.5 6000
1839 6000
1839.5 6000
1840 6000
1840.5 6000
1841 6000
1841.5 6000
1842 6000
1842.5 6000
1843 6000
1843.5 6000
1844 6000
1844.5 6000
1845 6000
1845.5 6000
1846 6000
1846.5 6000
1847 6000
1847.5 6000
1848 6000
1848.5 6000
1849 6000
1849.5 6000
1850 6000
1850.5 6000
1851 6000
1851.5 6000
1852 6000
1852.5 6000
1853 6000
1853.5 6000
1854 6000
1854.5 6000
1855 6000
1855.5 6000
1856 6000
1856.5 6000
1857 6000
1857.5 6000
1858 6000
1858.5 6000
1859 6000
1859.5 6000
1860 6000
1860.5 6000
1861 6000
1861.5 6000
1862 6000
1862.5 6000
1863 6000
1863.5 6000
1864 6000
1864.5 6000
1865 6000
1865.5 6000
1866 6000
1866.5 6000
1867 6000
1867.5 6000
1868 6000
1868.5 6000
1869 6000
1869.5 6000
1870 6000
1870.5 6000
1871 6000
1871.5 6000
1872 6000
1872.5 6000
1873 6000
1873.5 6000
1874 6000
1874.5 6000
1875 6000
1875.5 6000
1876 6000
1876.5 6000
1877 6000
1877.5 6000
1878 6000
1878.5 6000
1879 6000
1879.5 6000
1880 6000
1880.5 6000
1881 6000
1881.5 6000
1882 6000
1882.5 6000
1883 6000
1883.5 6000
1884 6000
1884.5 6000
1885 6000
1885.5 6000
1886 6000
1886.5 6000
1887 6000
1887.5 6000
1888 6000
1888.5 6000
1889 6000
1889.5 6000
1890 9000
1890.5 9000
1891 9000
1891.5 9000
1892 9000
1892.5 9000
1893 9000
1893.5 9000
1894 9000
1894.5 9000
1895 9000
1895.5 9000
1896 9000
1896.5 9000
1897 9000
1897.5 9000
1898 9000
1898.5 9000
1899 9000
1899.5 9000
1900 9000
1900.5 9000
1901 9000
1901.5 9000
1902 9000
1902.5 9000
1903 9000
1903.5 9000
1904 9000
1904.5 9000
1905 9000
1905.5 9000
1906 9000
1906.5 9000
1907 9000
1907.5 9000
1908 9000
1908.5 9000
1909 9000
1909.5 9000
1910 9000
1910.5 9000
1911 9000
1911.5 9000
1912 9000
1912.5 9000
1913 9000
1913.5 9000
1914 9000
1914.5 9000
1915 9000
1915.5 9000
1916 9000
1916.5 9000
1917 9000
1917.5 9000
1918 9000
1918.5 9000
1919 9000
1919.5 9000
1920 9000
1920.5 9000
1921 9000
1921.5 9000
1922 9000
1922.5 9000
1923 9000
1923.5 9000
1924 9000
1924.5 9000
1925 9000
1925.5 9000
1926 9000
1926.5 9000
1927 9000
1927.5 9000
1928 9000
1928.5 9000
1929 9000
1929.5 9000
1930 9000
1930.5 9000
1931 9000
1931.5 9000
1932 9000
1932.5 9000
1933 9000
1933.5 9000
1934 9000
1934.5 9000
1935 9000
1935.5 9000
1936 9000
1936.5 9000
1937 9000
1937.5 9000
1938 9000
1938.5 9000
1939 9000
1939.5 9000
1940 9000
1940.5 9000
1941 9000
1941.5 9000
1942 9000
1942.5 9000
1943 9000
1943.5 9000
1944 9000
1944.5 9000
1945 9000
1945.5 9000
1946 9000
1946.5 9000
1947 9000
1947.5 9000
1948 9000
1948.5 9000
1949 9000
1949.5 9000
1950 9000
1950.5 9000
1951 9000
1951.5 9000
1952 9000
1952.5 9000
1953 9000
1953.5 9000
1954 9000
1954.5 9000
1955 9000
1955.5 9000
1956 9000
1956.5 9000
1957 9000
1957.5 9000
1958 9000
1958.5 9000
1959 9000
1959.5 9000
1960 9000
1960.5 9000
1961 9000
1961.5 9000
1962 9000
1962.5 9000
1963 9000
1963.5 9000
1964 9000
1964.5 9000
1965 9000
1965.5 9000
1966 9000
1966.5 9000
1967 9000
1967.5 9000
1968 9000
1968.5 9000
1969 9000
1969.5 9000
1970 9000
1970.5 9000
1971 9000
1971.5 9000
1972 9000
1972.5 9000
1973 9000
1973.5 9000
1974 9000
1974.5 9000
1975 9000
1975.5 9000
1976 9000
1976.5 9000
1977 9000
1977.5 9000
1978 9000
1978.5 9000
1979 9000
1979.5 9000
1980 9000
1980.5 9000
1981 9000
1981.5 9000
1982 9000
1982.5 9000
1983 9000
1983.5 9000
1984 9000
1984.5 9000
1985 9000
1985.5 9000
1986 9000
1986.5 9000
1987 9000
1987.5 9000
1988 9000
1988.5 9000
1989 9000
1989.5 9000
1990 9000
1990.5 9000
1991 9000
1991.5 9000
1992 9000
1992.5 9000
1993 9000
1993.5 9000
1994 9000
1994.5 9000
1995 12000
1995.5 12000
1996 12000
1996.5 12000
1997 12000
1997.5 12000
1998 12000
1998.5 12000
1999 12000
1999.5 12000
2000 12000
2000.5 12000
2001 12000
2001.5 12000
2002 12000
2002.5 12000
2003 12000
2003.5 12000
2004 12000
2004.5 12000
2005 12000
2005.5 12000
2006 12000
2006.5 12000
2007 12000
2007.5 12000
2008 12000
2008.5 12000
2009 12000
2009.5 12000
2010 12000
2010.5 12000
2011 12000
2011.5 12000
2012 12000
2012.5 12000
2013 12000
2013.5 12000
2014 12000
2014.5 12000
2015 12000
2015.5 12000
2016 12000
2016.5 12000
2017 12000
2017.5 12000
2018 12000
2018.5 12000
2019 12000
2019.5 12000
2020 12000
2020.5 12000
2021 12000
2021.5 12000
2022 12000
2022.5 12000
2023 12000
2023.5 12000
2024 12000
2024.5 12000
2025 12000
2025.5 12000
2026 12000
2026.5 12000
2027 12000
2027.5 12000
2028 12000
2028.5 12000
2029 12000
2029.5 12000
2030 12000
2030.5 12000
2031 12000
2031.5 12000
2032 12000
2032.5 12000
2033 12000
2033.5 12000
2034 12000
2034.5 12000
2035 12000
2035.5 12000
2036 12000
2036.5 12000
2037 12000
2037.5 12000
2038 12000
2038.5 12000
2039 12000
2039.5 12000
2040 12000
2040.5 12000
2041 12000
2041.5 12000
2042 12000
2042.5 12000
2043 12000
2043.5 12000
2044 12000
2044.5 12000
2045 12000
2045.5 12000
2046 12000
2046.5 12000
2047 12000
2047.5 12000
2048 12000
2048.5 12000
2049 12000
2049.5 12000
2050 12000
2050.5 12000
2051 12000
2051.5 12000
2052 12000
2052.5 12000
2053 12000
2053.5 12000
2054 12000
2054.5 12000
2055 12000
2055.5 12000
2056 12000
2056.5 12000
2057 12000
2057.5 12000
2058 12000
2058.5 12000
2059 12000
2059.5 12000
2060 12000
2060.5 12000
2061 12000
2061.5 12000
2062 12000
2062.5 12000
2063 12000
2063.5 12000
2064 12000
2064.5 12000
2065 12000
2065.5 12000
2066 12000
2066.5 12000
2067 12000
2067.5 12000
2068 12000
2068.5 12000
2069 12000
2069.5 12000
2070 12000
2070.5 12000
2071 12000
2071.5 12000
2072 12000
2072.5 12000
2073 12000
2073.5 12000
2074 12000
2074.5 12000
2075 12000
2075.5 12000
2076 12000
2076.5 12000
2077 12000
2077.5 12000
2078 12000
2078.5 12000
2079 12000
2079.5 12000
2080 12000
2080.5 12000
2081 12000
2081.5 12000
2082 12000
2082.5 12000
2083 12000
2083.5 12000
2084 12000
2084.5 12000
2085 12000
2085.5 12000
2086 12000
2086.5 12000
2087 12000
2087.5 12000
2088 12000
2088.5 12000
2089 12000
2089.5 12000
2090 12000
2090.5 12000
2091 12000
2091.5 12000
2092 12000
2092.5 12000
2093 12000
2093.5 12000
2094 12000
2094.5 12000
2095 12000
2095.5 12000
2096 12000
2096.5 12000
2097 12000
2097.5 12000
2098 12000
2098.5 12000
2099 12000
2099.5 12000
2100 0
2100.5 0
2101 0
2101.5 0
2102 0
2102.5 0
2103 0
2103.5 0
2104 0
2104.5 0
2105 0
2105.5 0
2106 0
2106.5 0
2107 0
2107.5 0
2108 0
2108.5 0
2109 0
2109.5 0
2110 0
2110.5 0
2111 0
2111.5 0
2112 0
2112.5 0
2113 0
2113.5 0
2114 0
2114.5 0
2115 0
2115.5 0
2116 0
2116.5 0
2117 0
2117.5 0
2118 0
2118.5 0
2119 0
2119.5 0
2120 0
2120.5 0
2121 0
2121.5 0
2122 0
2122.5 0
2123 0
2123.5 0
2124 0
2124.5 0
2125 0
2125.5 0
2126 0
2126.5 0
2127 0
2127.5 0
2128 0
2128.5 0
2129 0
2129.5 0
2130 0
2130.5 0
2131 0
2131.5 0
2132 0
2132.5 0
2133 0
2133.5 0
2134 0
2134.5 0
2135 0
2135.5 0
2136 0
2136.5 0
2137 0
2137.5 0
2138 0
2138.5 0
2139 0
2139.5 0
2140 0
2140.5 0
2141 0
2141.5 0
2142 0
2142.5 0
2143 0
2143.5 0
2144 0
2144.5 0
2145 0
2145.5 0
2146 0
2146.5 0
2147 0
2147.5 0
2148 0
2148.5 0
2149 0
2149.5 0
2150 0
2150.5 0
2151 0
2151.5 0
2152 0
2152.5 0
2153 0
2153.5 0
2154 0
2154.5 0
2155 0
2155.5 0
2156 0
2156.5 0
2157 0
2157.5 0
2158 0
2158.5 0
2159 0
2159.5 0
2160 0
2160.5 0
2161 0
2161.5 0
2162 0
2162.5 0
2163 0
2163.5 0
2164 0
2164.5 0
2165 0
2165.5 0
2166 0
2166.5 0
2167 0
2167.5 0
2168 0
2168.5 0
2169 0
2169.5 0
2170 0
2170.5 0
2171 0
2171.5 0
2172 0
2172.5 0
2173 0
2173.5 0
2174 0
2174.5 0
2175 0
2175.5 0
2176 0
2176.5 0
2177 0
2177.5 0
2178 0
2178.5 0
2179 0
2179.5 0
2180 0
2180.5 0
2181 0
2181.5 0
2182 0
2182.5 0
2183 0
2183.5 0
2184 0
2184.5 0
2185 0
2185.5 0
2186 0
2186.5 0
2187 0
2187.5 0
2188 0
2188.5 0
2189 0
2189.5 0
2190 0
2190.5 0
2191 0
2191.5 0
2192 0
2192.5 0
2193 0
2193.5 0
2194 0
2194.5 0
2195 0
2195.5 0
2196 0
2196.5 0
2197 0
2197.5 0
2198 0
2198.5 0
2199 0
2199.5 0
2200 0
2200.5 0
2201 0
2201.5 0
2202 0
2202.5 0
2203 0
2203.5 0
2204 0
2204.5 0
2205 3000
2205.5 3000
2206 3000
2206.5 3000
2207 3000
2207.5 3000
2208 3000
2208.5 3000
2209 3000
2209.5 3000
2210 3000
2210.5 3000
2211 3000
2211.5 3000
2212 3000
2212.5 3000
2213 3000
2213.5 3000
2214 3000
2214.5 3000
2215 3000
2215.5 3000
2216 3000
2216.5 3000
2217 3000
2217.5 3000
2218 3000
2218.5 3000
2219 3000
2219.5 3000
2220 3000
2220.5 3000
2221 3000
2221.5 3000
2222 3000
2222.5 3000
2223 3000
2223.5 3000
2224 3000
2224.5 3000
2225 3000
2225.5 3000
2226 3000
2226.5 3000
2227 3000
2227.5 3000
2228 3000
2228.5 3000
2229 3000
2229.5 3000
2230 3000
2230.5 3000
2231 3000
2231.5 3000
2232 3000
2232.5 3000
2233 3000
2233.5 3000
2234 3000
2234.5 3000
2235 3000
2235.5 3000
2236 3000
2236.5 3000
2237 3000
2237.5 3000
2238 3000
2238.5 3000
2239 3000
2239.5 3000
2240 3000
2240.5 3000
2241 3000
2241.5 3000
2242 3000
2242.5 3000
2243 3000
2243.5 3000
2244 3000
2244.5 3000
2245 3000
2245.5 3000
2246 3000
2246.5 3000
2247 3000
2247.5 3000
2248 3000
2248.5 3000
2249 3000
2249.5 3000
2250 3000
2250.5 3000
2251 3000
2251.5 3000
2252 3000
2252.5 3000
2253 3000
2253.5 3000
2254 3000
2254.5 3000
2255 3000
2255.5 3000
2256 3000
2256.5 3000
2257 3000
2257.5 3000
2258 3000
2258.5 3000
2259 3000
2259.5 3000
2260 3000
2260.5 3000
2261 3000
2261.5 3000
2262 3000
2262.5 3000
2263 3000
2263.5 3000
2264 3000
2264.5 3000
2265 3000
2265.5 3000
2266 3000
2266.5 3000
2267 3000
2267.5 3000
2268 3000
2268.5 3000
2269 3000
2269.5 3000
2270 3000
2270.5 3000
2271 3000
2271.5 3000
2272 3000
2272.5 3000
2273 3000
2273.5 3000
2274 3000
2274.5 3000
2275 3000
2275.5 3000
2276 3000
2276.5 3000
2277 3000
2277.5 3000
2278 3000
2278.5 3000
2279 3000
2279.5 3000
2280 3000
2280.5 3000
2281 3000
2281.5 3000
2282 3000
2282.5 3000
2283 3000
2283.5 3000
2284 3000
2284.5 3000
2285 3000
2285.5 3000
2286 3000
2286.5 3000
2287 3000
2287.5 3000
2288 3000
2288.5 3000
2289 3000
2289.5 3000
2290 3000
2290.5 3000
2291 3000
2291.5 3000
2292 3000
2292.5 3000
2293 3000
2293.5 3000
2294 3000
2294.5 3000
2295 3000
2295.5 3000
2296 3000
2296.5 3000
2297 3000
2297.5 3000
2298 3000
2298.5 3000
2299 3000
2299.5 3000
2300 3000
2300.5 3000
2301 3000
2301.5 3000
2302 3000
2302.5 3000
2303 3000
2303.5 3000
2304 3000
2304.5 3000
2305 3000
2305.5 3000
2306 3000
2306.5 3000
2307 3000
2307.5 3000
2308 3000
2308.5 3000
2309 3000
2309.5 3000
2310 6000
2310.5 6000
2311 6000
2311.5 6000
2312 6000
2312.5 6000
2313 6000
2313.5 6000
2314 6000
2314.5 6000
2315 6000
2315.5 6000
2316 6000
2316.5 6000
2317 6000
2317.5 6000
2318 6000
2318.5 6000
2319 6000
2319.5 6000
2320 6000
2320.5 6000
2321 6000
2321.5 6000
2322 6000
2322.5 6000
2323 6000
2323.5 6000
2324 6000
2324.5 6000
2325 6000
2325.5 6000
2326 6000
2326.5 6000
2327 6000
2327.5 6000
2328 6000
2328.5 6000
2329 6000
2329.5 6000
2330 6000
2330.5 6000
2331 6000
2331.5 6000
2332 6000
2332.5 6000
2333 6000
2333.5 6000
2334 6000
2334.5 6000
2335 6000
2335.5 6000
2336 6000
2336.5 6000
2337 6000
2337.5 6000
2338 6000
2338.5 6000
2339 6000
2339.5 6000
2340 6000
2340.5 6000
2341 6000
2341.5 6000
2342 6000
2342.5 6000
2343 6000
2343.5 6000
2344 6000
2344.5 6000
2345 6000
2345.5 6000
2346 6000
2346.5 6000
2347 6000
2347.5 6000
2348 6000
2348.5 6000
2349 6000
2349.5 6000
2350 6000
2350.5 6000
2351 6000
2351.5 6000
2352 6000
2352.5 6000
2353 6000
2353.5 6000
2354 6000
2354.5 6000
2355 6000
2355.5 6000
2356 6000
2356.5 6000
2357 6000
2357.5 6000
2358 6000
2358.5 6000
2359 6000
2359.5 6000
2360 6000
2360.5 6000
2361 6000
2361.5 6000
2362 6000
2362.5 6000
2363 6000
2363.5 6000
2364 6000
2364.5 6000
2365 6000
2365.5 6000
2366 6000
2366.5 6000
2367 6000
2367.5 6000
2368 6000
2368.5 6000
2369 6000
2369.5 6000
2370 6000
2370.5 6000
2371 6000
2371.5 6000
2372 6000
2372.5 6000
2373 6000
2373.5 6000
2374 6000
2374.5 6000
2375 6000
2375.5 6000
2376 6000
2376.5 6000
2377 6000
2377.5 6000
2378 6000
2378.5 6000
2379 6000
2379.5 6000
2380 6000
2380.5 6000
2381 6000
2381.5 6000
2382 6000
2382.5 6000
2383 6000
2383.5 6000
2384 6000
2384.5 6000
2385 6000
2385.5 6000
2386 6000
2386.5 6000
2387 6000
2387.5 6000
2388 6000
2388.5 6000
2389 6000
2389.5 6000
2390 6000
2390.5 6000
2391 6000
2391.5 6000
2392 6000
2392.5 6000
2393 6000
2393.5 6000
2394 6000
2394.5 6000
2395 6000
2395.5 6000
2396 6000
2396.5 6000
2397 6000
2397.5 6000
2398 6000
2398.5 6000
2399 6000
2399.5 6000
2400 6000
2400.5 6000
2401 6000
2401.5 6000
2402 6000
2402.5 6000
2403 6000
2403.5 6000
2404 6000
2404.5 6000
2405 6000
2405.5 6000
2406 6000
2406.5 6000
2407 6000
2407.5 6000
2408 6000
2408.5 6000
2409 6000
2409.5 6000
2410 6000
2410.5 6000
2411 6000
2411.5 6000
2412 6000
2412.5 6000
2413 6000
2413.5 6000
2414 6000
2414.5 6000
2415 9000
2415.5 9000
2416 9000
2416.5 9000
2417 9000
2417.5 9000
2418 9000
2418.5 9000
2419 9000
2419.5 9000
2420 9000
2420.5 9000
2421 9000
2421.5 9000
2422 9000
2422.5 9000
2423 9000
2423.5 9000
2424 9000
2424.5 9000
2425 9000
2425.5 9000
2426 9000
2426.5 9000
2427 9000
2427.5 9000
2428 9000
2428.5 9000
2429 9000
2429.5 9000
2430 9000
2430.5 9000
2431 9000
2431.5 9000
2432 9000
2432.5 9000
2433 9000
2433.5 9000
2434 9000
2434.5 9000
2435 9000
2435.5 9000
2436 9000
2436.5 9000
2437 9000
2437.5 9000
2438 9000
2438.5 9000
2439 9000
2439.5 9000
2440 9000
2440.5 9000
2441 9000
2441.5 9000
2442 9000
2442.5 9000
2443 9000
2443.5 9000
2444 9000
2444.5 9000
2445 9000
2445.5 9000
2446 9000
2446.5 9000
2447 9000
2447.5 9000
2448 9000
2448.5 9000
2449 9000
2449.5 9000
2450 9000
2450.5 9000
2451 9000
2451.5 9000
2452 9000
2452.5 9000
2453 9000
2453.5 9000
2454 9000
2454.5 9000
2455 9000
2455.5 9000
2456 9000
2456.5 9000
2457 9000
2457.5 9000
2458 9000
2458.5 9000
2459 9000
2459.5 9000
2460 9000
2460.5 9000
2461 9000
2461.5 9000
2462 9000
2462.5 9000
2463 9000
2463.5 9000
2464 9000
2464.5 9000
2465 9000
2465.5 9000
2466 9000
2466.5 9000
2467 9000
2467.5 9000
2468 9000
2468.5 9000
2469 9000
2469.5 9000
2470 9000
2470.5 9000
2471 9000
2471.5 9000
2472 9000
2472.5 9000
2473 9000
2473.5 9000
2474 9000
2474.5 9000
2475 9000
2475.5 9000
2476 9000
2476.5 9000
2477 9000
2477.5 9000
2478 9000
2478.5 9000
2479 9000
2479.5 9000
2480 9000
2480.5 9000
2481 9000
2481.5 9000
2482 9000
2482.5 9000
2483 9000
2483.5 9000
2484 9000
2484.5 9000
2485 9000
2485.5 9000
2486 9000
2486.5 9000
2487 9000
2487.5 9000
2488 9000
2488.5 9000
2489 9000
2489.5 9000
2490 9000
2490.5 9000
2491 9000
2491.5 9000
2492 9000
2492.5 9000
2493 9000
2493.5 9000
2494 9000
2494.5 9000
2495 9000
2495.5 9000
2496 9000
2496.5 9000
2497 9000
2497.5 9000
2498 9000
2498.5 9000
2499 9000
2499.5 9000
2500 9000
2500.5 9000
2501 9000
2501.5 9000
2502 9000
2502.5 9000
2503 9000
2503.5 9000
2504 9000
2504.5 9000
2505 9000
2505.5 9000
2506 9000
2506.5 9000
2507 9000
2507.5 9000
2508 9000
2508.5 9000
2509 9000
2509.5 9000
2510 9000
2510.5 9000
2511 9000
2511.5 9000
2512 9000
2512.5 9000
2513 9000
2513.5 9000
2514 9000
2514.5 9000
2515 9000
2515.5 9000
2516 9000
2516.5 9000
2517 9000
2517.5 9000
2518 9000
2518.5 9000
2519 9000
2519.5 9000
2520 12000
2520.5 12000
2521 12000
2521.5 12000
2522 12000
2522.5 12000
2523 12000
2523.5 12000
2524 12000
2524.5 12000
2525 12000
2525.5 12000
2526 12000
2526.5 12000
2527 12000
2527.5 12000
2528 12000
2528.5 12000
2529 12000
2529.5 12000
2530 12000
2530.5 12000
2531 12000
2531.5 12000
2532 12000
2532.5 12000
2533 12000
2533.5 12000
2534 12000
2534.5 12000
2535 12000
2535.5 12000
2536 12000
2536.5 12000
2537 12000
2537.5 12000
2538 12000
2538.5 12000
2539 12000
2539.5 12000
2540 12000
2540.5 12000
2541 12000
2541.5 12000
2542 12000
2542.5 12000
2543 12000
2543.5 12000
2544 12000
2544.5 12000
2545 12000
2545.5 12000
2546 12000
2546.5 12000
2547 12000
2547.5 12000
2548 12000
2548.5 12000
2549 12000
2549.5 12000
2550 12000
2550.5 12000
2551 12000
2551.5 12000
2552 12000
2552.5 12000
2553 12000
2553.5 12000
2554 12000
2554.5 12000
2555 12000
2555.5 12000
2556 12000
2556.5 12000
2557 12000
2557.5 12000
2558 12000
2558.5 12000
2559 12000
2559.5 12000
2560 12000
2560.5 12000
2561 12000
2561.5 12000
2562 12000
2562.5 12000
2563 12000
2563.5 12000
2564 12000
2564.5 12000
2565 12000
2565.5 12000
2566 12000
2566.5 12000
2567 12000
2567.5 12000
2568 12000
2568.5 12000
2569 12000
2569.5 12000
2570 12000
2570.5 12000
2571 12000
2571.5 12000
2572 12000
2572.5 12000
2573 12000
2573.5 12000
2574 12000
2574.5 12000
2575 12000
2575.5 12000
2576 12000
2576.5 12000
2577 12000
2577.5 12000
2578 12000
2578.5 12000
2579 12000
2579.5 12000
2580 12000
2580.5 12000
2581 12000
2581.5 12000
2582 12000
2582.5 12000
2583 12000
2583.5 12000
2584 12000
2584.5 12000
2585 12000
2585.5 12000
2586 12000
2586.5 12000
2587 12000
2587.5 12000
2588 12000
2588.5 12000
2589 12000
2589.5 12000
2590 12000
2590.5 12000
2591 12000
2591.5 12000
2592 12000
2592.5 12000
2593 12000
2593.5 12000
2594 12000
2594.5 12000
2595 12000
2595.5 12000
2596 12000
2596.5 12000
2597 12000
2597.5 12000
2598 12000
2598.5 12000
2599 12000
2599.5 12000
2600 12000
2600.5 12000
2601 12000
2601.5 12000
2602 12000
2602.5 12000
2603 12000
2603.5 12000
2604 12000
2604.5 12000
2605 12000
2605.5 12000
2606 12000
2606.5 12000
2607 12000
2607.5 12000
2608 12000
2608.5 12000
2609 12000
2609.5 12000
2610 12000
2610.5 12000
2611 12000
2611.5 12000
2612 12000
2612.5 12000
2613 12000
2613.5 12000
2614 12000
2614.5 12000
2615 12000
2615.5 12000
2616 12000
2616.5 12000
2617 12000
2617.5 12000
2618 12000
2618.5 12000
2619 12000
2619.5 12000
2620 12000
2620.5 12000
2621 12000
2621.5 12000
2622 12000
2622.5 12000
2623 12000
2623.5 12000
2624 12000
2624.5 12000
2625 0
2625.5 0
2626 0
2626.5 0
2627 0
2627.5 0
2628 0
2628.5 0
2629 0
2629.5 0
2630 0
2630.5 0
2631 0
2631.5 0
2632 0
2632.5 0
2633 0
2633.5 0
2634 0
2634.5 0
2635 0
2635.5 0
2636 0
2636.5 0
2637 0
2637.5 0
2638 0
2638.5 0
2639 0
2639.5 0
2640 0
2640.5 0
2641 0
2641.5 0
2642 0
2642.5 0
2643 0
2643.5 0
2644 0
2644.5 0
2645 0
2645.5 0
2646 0
2646.5 0
2647 0
2647.5 0
2648 0
2648.5 0
2649 0
2649.5 0
2650 0
2650.5 0
2651 0
2651.5 0
2652 0
2652.5 0
2653 0
2653.5 0
2654 0
2654.5 0
2655 0
2655.5 0
2656 0
2656.5 0
2657 0
2657.5 0
2658 0
2658.5 0
2659 0
2659.5 0
2660 0
2660.5 0
2661 0
2661.5 0
2662 0
2662.5 0
2663 0
2663.5 0
2664 0
2664.5 0
2665 0
2665.5 0
2666 0
2666.5 0
2667 0
2667.5 0
2668 0
2668.5 0
2669 0
2669.5 0
2670 0
2670.5 0
2671 0
2671.5 0
2672 0
2672.5 0
2673 0
2673.5 0
2674 0
2674.5 0
2675 0
2675.5 0
2676 0
2676.5 0
2677 0
2677.5 0
2678 0
2678.5 0
2679 0
2679.5 0
2680 0
2680.5 0
2681 0
2681.5 0
2682 0
2682.5 0
2683 0
2683.5 0
2684 0
2684.5 0
2685 0
2685.5 0
2686 0
2686.5 0
2687 0
2687.5 0
2688 0
2688.5 0
2689 0
2689.5 0
2690 0
2690.5 0
2691 0
2691.5 0
2692 0
2692.5 0
2693 0
2693.5 0
2694 0
2694.5 0
2695 0
2695.5 0
2696 0
2696.5 0
2697 0
2697.5 0
2698 0
2698.5 0
2699 0
2699.5 0
2700 0
2700.5 0
2701 0
2701.5 0
2702 0
2702.5 0
2703 0
2703.5 0
2704 0
2704.5 0
2705 0
2705.5 0
2706 0
2706.5 0
2707 0
2707.5 0
2708 0
2708.5 0
2709 0
2709.5 0
2710 0
2710.5 0
2711 0
2711.5 0
2712 0
2712.5 0
2713 0
2713.5 0
2714 0
2714.5 0
2715 0
2715.5 0
2716 0
2716.5 0
2717 0
2717.5 0
2718 0
2718.5 0
2719 0
2719.5 0
2720 0
2720.5 0
2721 0
2721.5 0
2722 0
2722.5 0
2723 0
2723.5 0
2724 0
2724.5 0
2725 0
2725.5 0
2726 0
2726.5 0
2727 0
2727.5 0
2728 0
2728.5 0
2729 0
2729.5 0
2730 3000
2730.5 3000
2731 3000
2731.5 3000
2732 3000
2732.5 3000
2733 3000
2733.5 3000
2734 3000
2734.5 3000
2735 3000
2735.5 3000
2736 3000
2736.5 3000
2737 3000
2737.5 3000
2738 3000
2738.5 3000
2739 3000
2739.5 3000
2740 3000
2740.5 3000
2741 3000
2741.5 3000
2742 3000
2742.5 3000
2743 3000
2743.5 3000
2744 3000
2744.5 3000
2745 3000
2745.5 3000
2746 3000
2746.5 3000
2747 3000
2747.5 3000
2748 3000
2748.5 3000
2749 3000
2749.5 3000
2750 3000
2750.5 3000
2751 3000
2751.5 3000
2752 3000
2752.5 3000
2753 3000
2753.5 3000
2754 3000
2754.5 3000
2755 3000
2755.5 3000
2756 3000
2756.5 3000
2757 3000
2757.5 3000
2758 3000
2758.5 3000
2759 3000
2759.5 3000
2760 3000
2760.5 3000
2761 3000
2761.5 3000
2762 3000
2762.5 3000
2763 3000
2763.5 3000
2764 3000
2764.5 3000
2765 3000
2765.5 3000
2766 3000
2766.5 3000
2767 3000
2767.5 3000
2768 3000
2768.5 3000
2769 3000
2769.5 3000
2770 3000
2770.5 3000
2771 3000
2771.5 3000
2772 3000
2772.5 3000
2773 3000
2773.5 3000
2774 3000
2774.5 3000
2775 3000
2775.5 3000
2776 3000
2776.5 3000
2777 3000
2777.5 3000
2778 3000
2778.5 3000
2779 3000
2779.5 3000
2780 3000
2780.5 3000
2781 3000
2781.5 3000
2782 3000
2782.5 3000
2783 3000
2783.5 3000
2784 3000
2784.5 3000
2785 3000
2785.5 3000
2786 3000
2786.5 3000
2787 3000
2787.5 3000
2788 3000
2788.5 3000
2789 3000
2789.5 3000
2790 3000
2790.5 3000
2791 3000
2791.5 3000
2792 3000
2792.5 3000
2793 3000
2793.5 3000
2794 3000
2794.5 3000
2795 3000
2795.5 3000
2796 3000
2796.5 3000
2797 3000
2797.5 3000
2798 3000
2798.5 3000
2799 3000
2799.5 3000
2800 3000
2800.5 3000
2801 3000
2801.5 3000
2802 3000
2802.5 3000
2803 3000
2803.5 3000
2804 3000
2804.5 3000
2805 3000
2805.5 3000
2806 3000
2806.5 3000
2807 3000
2807.5 3000
2808 3000
2808.5 3000
2809 3000
2809.5 3000
2810 3000
2810.5 3000
2811 3000
2811.5 3000
2812 3000
2812.5 3000
2813 3000
2813.5 3000
2814 3000
2814.5 3000
2815 3000
2815.5 3000
2816 3000
2816.5 3000
2817 3000
2817.5 3000
2818 3000
2818.5 3000
2819 3000
2819.5 3000
2820 3000
2820.5 3000
2821 3000
2821.5 3000
2822 3000
2822.5 3000
2823 3000
2823.5 3000
2824 3000
2824.5 3000
2825 3000
2825.5 3000
2826 3000
2826.5 3000
2827 3000
2827.5 3000
2828 3000
2828.5 3000
2829 3000
2829.5 3000
2830 3000
2830.5 3000
2831 3000
2831.5 3000
2832 3000
2832.5 3000
2833 3000
2833.5 3000
2834 3000
2834.5 3000
2835 6000
2835.5 6000
2836 6000
2836.5 6000
2837 6000
2837.5 6000
2838 6000
2838.5 6000
2839 6000
2839.5 6000
2840 6000
2840.5 6000
2841 6000
2841.5 6000
2842 6000
2842.5 6000
2843 6000
2843.5 6000
2844 6000
2844.5 6000
2845 6000
2845.5 6000
2846 6000
2846.5 6000
2847 6000
2847.5 6000
2848 6000
2848.5 6000
2849 6000
2849.5 6000
2850 6000
2850.5 6000
2851 6000
2851.5 6000
2852 6000
2852.5 6000
2853 6000
2853.5 6000
2854 6000
2854.5 6000
2855 6000
2855.5 6000
2856 6000
2856.5 6000
2857 6000
2857.5 6000
2858 6000
2858.5 6000
2859 6000
2859.5 6000
2860 6000
2860.5 6000
2861 6000
2861.5 6000
2862 6000
2862.5 6000
2863 6000
2863.5 6000
2864 6000
2864.5 6000
2865 6000
2865.5 6000
2866 6000
2866.5 6000
2867 6000
2867.5 6000
2868 6000
2868.5 6000
2869 6000
2869.5 6000
2870 6000
2870.5 6000
2871 6000
2871.5 6000
2872 6000
2872.5 6000
2873 6000
2873.5 6000
2874 6000
2874.5 6000
2875 6000
2875.5 6000
2876 6000
2876.5 6000
2877 6000
2877.5 6000
2878 6000
2878.5 6000
2879 6000
2879.5 6000
2880 6000
2880.5 6000
2881 6000
2881.5 6000
2882 6000
2882.5 6000
2883 6000
2883.5 6000
2884 6000
2884.5 6000
2885 6000
2885.5 6000
2886 6000
2886.5 6000
2887 6000
2887.5 6000
2888 6000
2888.5 6000
2889 6000
2889.5 6000
2890 6000
2890.5 6000
2891 6000
2891.5 6000
2892 6000
2892.5 6000
2893 6000
2893.5 6000
2894 6000
2894.5 6000
2895 6000
2895.5 6000
2896 6000
2896.5 6000
2897 6000
2897.5 6000
2898 6000
2898.5 6000
2899 6000
2899.5 6000
2900 6000
2900.5 6000
2901 6000
2901.5 6000
2902 6000
2902.5 6000
2903 6000
2903.5 6000
2904 6000
2904.5 6000
2905 6000
2905.5 6000
2906 6000
2906.5 6000
2907 6000
2907.5 6000
2908 6000
2908.5 6000
2909 6000
2909.5 6000
2910 6000
2910.5 6000
2911 6000
2911.5 6000
2912 6000
2912.5 6000
2913 6000
2913.5 6000
2914 6000
2914.5 6000
2915 6000
2915.5 6000
2916 6000
2916.5 6000
2917 6000
2917.5 6000
2918 6000
2918.5 6000
2919 6000
2919.5 6000
2920 6000
2920.5 6000
2921 6000
2921.5 6000
2922 6000
2922.5 6000
2923 6000
2923.5 6000
2924 6000
2924.5 6000
2925 6000
2925.5 6000
2926 6000
2926.5 6000
2927 6000
2927.5 6000
2928 6000
2928.5 6000
2929 6000
2929.5 6000
2930 6000
2930.5 6000
2931 6000
2931.5 6000
2932 6000
2932.5 6000
2933 6000
2933.5 6000
2934 6000
2934.5 6000
2935 6000
2935.5 6000
2936 6000
2936.5 6000
2937 6000
2937.5 6000
2938 6000
2938.5 6000
2939 6000
2939.5 6000
2940 9000
2940.5 9000
2941 9000
2941.5 9000
2942 9000
2942.5 9000
2943 9000
2943.5 9000
2944 9000
2944.5 9000
2945 9000
2945.5 9000
2946 9000
2946.5 9000
2947 9000
2947.5 9000
2948 9000
2948.5 9000
2949 9000
2949.5 9000
2950 9000
2950.5 9000
2951 9000
2951.5 9000
2952 9000
2952.5 9000
2953 9000
2953.5 9000
2954 9000
2954.5 9000
2955 9000
2955.5 9000
2956 9000
2956.5 9000
2957 9000
2957.5 9000
2958 9000
2958.5 9000
2959 9000
2959.5 9000
2960 9000
2960.5 9000
2961 9000
2961.5 9000
2962 9000
2962.5 9000
2963 9000
2963.5 9000
2964 9000
2964.5 9000
2965 9000
2965.5 9000
2966 9000
2966.5 9000
2967 9000
2967.5 9000
2968 9000
2968.5 9000
2969 9000
2969.5 9000
2970 9000
2970.5 9000
2971 9000
2971.5 9000
2972 9000
2972.5 9000
2973 9000
2973.5 9000
2974 9000
2974.5 9000
2975 9000
2975.5 9000
2976 9000
2976.5 9000
2977 9000
2977.5 9000
2978 9000
2978.5 9000
2979 9000
2979.5 9000
2980 9000
2980.5 9000
2981 9000
2981.5 9000
2982 9000
2982.5 9000
2983 9000
2983.5 9000
2984 9000
2984.5 9000
2985 9000
2985.5 9000
2986 9000
2986.5 9000
2987 9000
2987.5 9000
2988 9000
2988.5 9000
2989 9000
2989.5 9000
2990 9000
2990.5 9000
2991 9000
2991.5 9000
2992 9000
2992.5 9000
2993 9000
2993.5 9000
2994 9000
2994.5 9000
2995 9000
2995.5 9000
2996 9000
2996.5 9000
2997 9000
2997.5 9000
2998 9000
2998.5 9000
2999 9000
2999.5 9000
3000 9000
3000.5 9000
3001 9000
3001.5 9000
3002 9000
3002.5 9000
3003 9000
3003.5 9000
3004 9000
3004.5 9000
3005 9000
3005.5 9000
3006 9000
3006.5 9000
3007 9000
3007.5 9000
3008 9000
3008.5 9000
3009 9000
3009.5 9000
3010 9000
3010.5 9000
3011 9000
3011.5 9000
3012 9000
3012.5 9000
3013 9000
3013.5 9000
3014 9000
3014.5 9000
3015 9000
3015.5 9000
3016 9000
3016.5 9000
3017 9000
3017.5 9000
3018 9000
3018.5 9000
3019 9000
3019.5 9000
3020 9000
3020.5 9000
3021 9000
3021.5 9000
3022 9000
3022.5 9000
3023 9000
3023.5 9000
3024 9000
3024.5 9000
3025 9000
3025.5 9000
3026 9000
3026.5 9000
3027 9000
3027.5 9000
3028 9000
3028.5 9000
3029 9000
3029.5 9000
3030 9000
3030.5 9000
3031 9000
3031.5 9000
3032 9000
3032.5 9000
3033 9000
3033.5 9000
3034 9000
3034.5 9000
3035 9000
3035.5 9000
3036 9000
3036.5 9000
3037 9000
3037.5 9000
3038 9000
3038.5 9000
3039 9000
3039.5 9000
3040 9000
3040.5 9000
3041 9000
3041.5 9000
3042 9000
3042.5 9000
3043 9000
3043.5 9000
3044 9000
3044.5 9000
3045 12000
3045.5 12000
3046 12000
3046.5 12000
3047 12000
3047.5 12000
3048 12000
3048.5 12000
3049 12000
3049.5 12000
3050 12000
3050.5 12000
3051 12000
3051.5 12000
3052 12000
3052.5 12000
3053 12000
3053.5 12000
3054 12000
3054.5 12000
3055 12000
3055.5 12000
3056 12000
3056.5 12000
3057 12000
3057.5 12000
3058 12000
3058.5 12000
3059 12000
3059.5 12000
3060 12000
3060.5 12000
3061 12000
3061.5 12000
3062 12000
3062.5 12000
3063 12000
3063.5 12000
3064 12000
3064.5 12000
3065 12000
3065.5 12000
3066 12000
3066.5 12000
3067 12000
3067.5 12000
3068 12000
3068.5 12000
3069 12000
3069.5 12000
3070 12000
3070.5 12000
3071 12000
3071.5 12000
3072 12000
3072.5 12000
3073 12000
3073.5 12000
3074 12000
3074.5 12000
3075 12000
3075.5 12000
3076 12000
3076.5 12000
3077 12000
3077.5 12000
3078 12000
3078.5 12000
3079 12000
3079.5 12000
3080 12000
3080.5 12000
3081 12000
3081.5 12000
3082 12000
3082.5 12000
3083 12000
3083.5 12000
3084 12000
3084.5 12000
3085 12000
3085.5 12000
3086 12000
3086.5 12000
3087 12000
3087.5 12000
3088 12000
3088.5 12000
3089 12000
3089.5 12000
3090 12000
3090.5 12000
3091 12000
3091.5 12000
3092 12000
3092.5 12000
3093 12000
3093.5 12000
3094 12000
3094.5 12000
3095 12000
3095.5 12000
3096 12000
3096.5 12000
3097 12000
3097.5 12000
3098 12000
3098.5 12000
3099 12000
3099.5 12000
3100 12000
3100.5 12000
3101 12000
3101.5 12000
3102 12000
3102.5 12000
3103 12000
3103.5 12000
3104 12000
3104.5 12000
3105 12000
3105.5 12000
3106 12000
3106.5 12000
3107 12000
3107.5 12000
3108 12000
3108.5 12000
3109 12000
3109.5 12000
3110 12000
3110.5 12000
3111 12000
3111.5 12000
3112 12000
3112.5 12000
3113 12000
3113.5 12000
3114 12000
3114.5 12000
3115 12000
3115.5 12000
3116 12000
3116.5 12000
3117 12000
3117.5 12000
3118 12000
3118.5 12000
3119 12000
3119.5 12000
3120 12000
3120.5 12000
3121 12000
3121.5 12000
3122 12000
3122.5 12000
3123 12000
3123.5 12000
3124 12000
3124.5 12000
3125 12000
3125.5 12000
3126 12000
3126.5 12000
3127 12000
3127.5 12000
3128 12000
3128.5 12000
3129 12000
3129.5 12000
3130 12000
3130.5 12000
3131 12000
3131.5 12000
3132 12000
3132.5 12000
3133 12000
3133.5 12000
3134 12000
3134.5 12000
3135 12000
3135.5 12000
3136 12000
3136.5 12000
3137 12000
3137.5 12000
3138 12000
3138.5 12000
3139 12000
3139.5 12000
3140 12000
3140.5 12000
3141 12000
3141.5 12000
3142 12000
3142.5 12000
3143 12000
3143.5 12000
3144 12000
3144.5 12000
3145 12000
3145.5 12000
3146 12000
3146.5 12000
3147 12000
3147.5 12000
3148 12000
3148.5 12000
3149 12000
3149.5 12000
3150 0
3150.5 0
3151 0
3151.5 0
3152 0
3152.5 0
3153 0
3153.5 0
3154 0
3154.5 0
3155 0
3155.5 0
3156 0
3156.5 0
3157 0
3157.5 0
3158 0
3158.5 0
3159 0
3159.5 0
3160 0
3160.5 0
3161 0
3161.5 0
3162 0
3162.5 0
3163 0
3163.5 0
3164 0
3164.5 0
3165 0
3165.5 0
3166 0
3166.5 0
3167 0
3167.5 0
3168 0
3168.5 0
3169 0
3169.5 0
3170 0
3170.5 0
3171 0
3171.5 0
3172 0
3172.5 0
3173 0
3173.5 0
3174 0
3174.5 0
3175 0
3175.5 0
3176 0
3176.5 0
3177 0
3177.5 0
3178 0
3178.5 0
3179 0
3179.5 0
3180 0
3180.5 0
3181 0
3181.5 0
3182 0
3182.5 0
3183 0
3183.5 0
3184 0
3184.5 0
3185 0
3185.5 0
3186 0
3186.5 0
3187 0
3187.5 0
3188 0
3188.5 0
3189 0
3189.5 0
3190 0
3190.5 0
3191 0
3191.5 0
3192 0
3192.5 0
3193 0
3193.5 0
3194 0
3194.5 0
3195 0
3195.5 0
3196 0
3196.5 0
3197 0
3197.5 0
3198 0
3198.5 0
3199 0
3199.5 0
3200 0
3200.5 0
3201 0
3201.5 0
3202 0
3202.5 0
3203 0
3203.5 0
3204 0
3204.5 0
3205 0
3205.5 0
3206 0
3206.5 0
3207 0
3207.5 0
3208 0
3208.5 0
3209 0
3209.5 0
3210 0
3210.5 0
3211 0
3211.5 0
3212 0
3212.5 0
3213 0
3213.5 0
3214 0
3214.5 0
3215 0
3215.5 0
3216 0
3216.5 0
3217 0
3217.5 0
3218 0
3218.5 0
3219 0
3219.5 0
3220 0
3220.5 0
3221 0
3221.5 0
3222 0
3222.5 0
3223 0
3223.5 0
3224 0
3224.5 0
3225 0
3225.5 0
3226 0
3226.5 0
3227 0
3227.5 0
3228 0
3228.5 0
3229 0
3229.5 0
3230 0
3230.5 0
3231 0
3231.5 0
3232 0
3232.5 0
3233 0
3233.5 0
3234 0
3234.5 0
3235 0
3235.5 0
3236 0
3236.5 0
3237 0
3237.5 0
3238 0
3238.5 0
3239 0
3239.5 0
3240 0
3240.5 0
3241 0
3241.5 0
3242 0
3242.5 0
3243 0
3243.5 0
3244 0
3244.5 0
3245 0
3245.5 0
3246 0
3246.5 0
3247 0
3247.5 0
3248 0
3248.5 0
3249 0
3249.5 0
3250 0
3250.5 0
3251 0
3251.5 0
3252 0
3252.5 0
3253 0
3253.5 0
3254 0
3254.5 0
3255 3000
3255.5 3000
3256 3000
3256.5 3000
3257 3000
3257.5 3000
3258 3000
3258.5 3000
3259 3000
3259.5 3000
3260 3000
3260.5 3000
3261 3000
3261.5 3000
3262 3000
3262.5 3000
3263 3000
3263.5 3000
3264 3000
3264.5 3000
3265 3000
3265.5 3000
3266 3000
3266.5 3000
3267 3000
3267.5 3000
3268 3000
3268.5 3000
3269 3000
3269.5 3000
3270 3000
3270.5 3000
3271 3000
3271.5 3000
3272 3000
3272.5 3000
3273 3000
3273.5 3000
3274 3000
3274.5 3000
3275 3000
3275.5 3000
3276 3000
3276.5 3000
3277 3000
3277.5 3000
3278 3000
3278.5 3000
3279 3000
3279.5 3000
3280 3000
3280.5 3000
3281 3000
3281.5 3000
3282 3000
3282.5 3000
3283 3000
3283.5 3000
3284 3000
3284.5 3000
3285 3000
3285.5 3000
3286 3000
3286.5 3000
3287 3000
3287.5 3000
3288 3000
3288.5 3000
3289 3000
3289.5 3000
3290 3000
3290.5 3000
3291 3000
3291.5 3000
3292 3000
3292.5 3000
3293 3000
3293.5 3000
3294 3000
3294.5 3000
3295 3000
3295.5 3000
3296 3000
3296.5 3000
3297 3000
3297.5 3000
3298 3000
3298.5 3000
3299 3000
3299.5 3000
3300 3000
3300.5 3000
3301 3000
3301.5 3000
3302 3000
3302.5 3000
3303 3000
3303.5 3000
3304 3000
3304.5 3000
3305 3000
3305.5 3000
3306 3000
3306.5 3000
3307 3000
3307.5 3000
3308 3000
3308.5 3000
3309 3000
3309.5 3000
3310 3000
3310.5 3000
3311 3000
3311.5 3000
3312 3000
3312.5 3000
3313 3000
3313.5 3000
3314 3000
3314.5 3000
3315 3000
3315.5 3000
3316 3000
3316.5 3000
3317 3000
3317.5 3000
3318 3000
3318.5 3000
3319 3000
3319.5 3000
3320 3000
3320.5 3000
3321 3000
3321.5 3000
3322 3000
3322.5 3000
3323 3000
3323.5 3000
3324 3000
3324.5 3000
3325 3000
3325.5 3000
3326 3000
3326.5 3000
3327 3000
3327.5 3000
3328 3000
3328.5 3000
3329 3000
3329.5 3000
3330 3000
3330.5 3000
3331 3000
3331.5 3000
3332 3000
3332.5 3000
3333 3000
3333.5 3000
3334 3000
3334.5 3000
3335 3000
3335.5 3000
3336 3000
3336.5 3000
3337 3000
3337.5 3000
3338 3000
3338.5 3000
3339 3000
3339.5 3000
3340 3000
3340.5 3000
3341 3000
3341.5 3000
3342 3000
3342.5 3000
3343 3000
3343.5 3000
3344 3000
3344.5 3000
3345 3000
3345.5 3000
3346 3000
3346.5 3000
3347 3000
3347.5 3000
3348 3000
3348.5 3000
3349 3000
3349.5 3000
3350 3000
3350.5 3000
3351 3000
3351.5 3000
3352 3000
3352.5 3000
3353 3000
3353.5 3000
3354 3000
3354.5 3000
3355 3000
3355.5 3000
3356 3000
3356.5 3000
3357 3000
3357.5 3000
3358 3000
3358.5 3000
3359 3000
3359.5 3000
3360 6000
3360.5 6000
3361 6000
3361.5 6000
3362 6000
3362.5 6000
3363 6000
3363.5 6000
3364 6000
3364.5 6000
3365 6000
3365.5 6000
3366 6000
3366.5 6000
3367 6000
3367.5 6000
3368 6000
3368.5 6000
3369 6000
3369.5 6000
3370 6000
3370.5 6000
3371 6000
3371.5 6000
3372 6000
3372.5 6000
3373 6000
3373.5 6000
3374 6000
3374.5 6000
3375 6000
3375.5 6000
3376 6000
3376.5 6000
3377 6000
3377.5 6000
3378 6000
3378.5 6000
3379 6000
3379.5 6000
3380 6000
3380.5 6000
3381 6000
3381.5 6000
3382 6000
3382.5 6000
3383 6000
3383.5 6000
3384 6000
3384.5 6000
3385 6000
3385.5 6000
3386 6000
3386.5 6000
3387 6000
3387.5 6000
3388 6000
3388.5 6000
3389 6000
3389.5 6000
3390 6000
3390.5 6000
3391 6000
3391.5 6000
3392 6000
3392.5 6000
3393 6000
3393.5 6000
3394 6000
3394.5 6000
3395 6000
3395.5 6000
3396 6000
3396.5 6000
3397 6000
3397.5 6000
3398 6000
3398.5 6000
3399 6000
3399.5 6000
3400 6000
3400.5 6000
3401 6000
3401.5 6000
3402 6000
3402.5 6000
3403 6000
3403.5 6000
3404 6000
3404.5 6000
3405 6000
3405.5 6000
3406 6000
3406.5 6000
3407 6000
3407.5 6000
3408 6000
3408.5 6000
3409 6000
3409.5 6000
3410 6000
3410.5 6000
3411 6000
3411.5 6000
3412 6000
3412.5 6000
3413 6000
3413.5 6000
3414 6000
3414.5 6000
3415 6000
3415.5 6000
3416 6000
3416.5 6000
3417 6000
3417.5 6000
3418 6000
3418.5 6000
3419 6000
3419.5 6000
3420 6000
3420.5 6000
3421 6000
3421.5 6000
3422 6000
3422.5 6000
3423 6000
3423.5 6000
3424 6000
3424.5 6000
3425 6000
3425.5 6000
3426 6000
3426.5 6000
3427 6000
3427.5 6000
3428 6000
3428.5 6000
3429 6000
3429.5 6000
3430 6000
3430.5 6000
3431 6000
3431.5 6000
3432 6000
3432.5 6000
3433 6000
3433.5 6000
3434 6000
3434.5 6000
3435 6000
3435.5 6000
3436 6000
3436.5 6000
3437 6000
3437.5 6000
3438 6000
3438.5 6000
3439 6000
3439.5 6000
3440 6000
3440.5 6000
3441 6000
3441.5 6000
3442 6000
3442.5 6000
3443 6000
3443.5 6000
3444 6000
3444.5 6000
3445 6000
3445.5 6000
3446 6000
3446.5 6000
3447 6000
3447.5 6000
3448 6000
3448.5 6000
3449 6000
3449.5 6000
3450 6000
3450.5 6000
3451 6000
3451.5 6000
3452 6000
3452.5 6000
3453 6000
3453.5 6000
3454 6000
3454.5 6000
3455 6000
3455.5 6000
3456 6000
3456.5 6000
3457 6000
3457.5 6000
3458 6000
3458.5 6000
3459 6000
3459.5 6000
3460 6000
3460.5 6000
3461 6000
3461.5 6000
3462 6000
3462.5 6000
3463 6000
3463.5 6000
3464 6000
3464.5 6000
3465 9000
3465.5 9000
3466 9000
3466.5 9000
3467 9000
3467.5 9000
3468 9000
3468.5 9000
3469 9000
3469.5 9000
3470 9000
3470.5 9000
3471 9000
3471.5 9000
3472 9000
3472.5 9000
3473 9000
3473.5 9000
3474 9000
3474.5 9000
3475 9000
3475.5 9000
3476 9000
3476.5 9000
3477 9000
3477.5 9000
3478 9000
3478.5 9000
3479 9000
3479.5 9000
3480 9000
3480.5 9000
3481 9000
3481.5 9000
3482 9000
3482.5 9000
3483 9000
3483.5 9000
3484 9000
3484.5 9000
3485 9000
3485.5 9000
3486 9000
3486.5 9000
3487 9000
3487.5 9000
3488 9000
3488.5 9000
3489 9000
3489.5 9000
3490 9000
3490.5 9000
3491 9000
3491.5 9000
3492 9000
3492.5 9000
3493 9000
3493.5 9000
3494 9000
3494.5 9000
3495 9000
3495.5 9000
3496 9000
3496.5 9000
3497 9000
3497.5 9000
3498 9000
3498.5 9000
3499 9000
3499.5 9000
3500 9000
3500.5 9000
3501 9000
3501.5 9000
3502 9000
3502.5 9000
3503 9000
3503.5 9000
3504 9000
3504.5 9000
3505 9000
3505.5 9000
3506 9000
3506.5 9000
3507 9000
3507.5 9000
3508 9000
3508.5 9000
3509 9000
3509.5 9000
3510 9000
3510.5 9000
3511 9000
3511.5 9000
3512 9000
3512.5 9000
3513 9000
3513.5 9000
3514 9000
3514.5 9000
3515 9000
3515.5 9000
3516 9000
3516.5 9000
3517 9000
3517.5 9000
3518 9000
3518.5 9000
3519 9000
3519.5 9000
3520 9000
3520.5 9000
3521 9000
3521.5 9000
3522 9000
3522.5 9000
3523 9000
3523.5 9000
3524 9000
3524.5 9000
3525 9000
3525.5 9000
3526 9000
3526.5 9000
3527 9000
3527.5 9000
3528 9000
3528.5 9000
3529 9000
3529.5 9000
3530 9000
3530.5 9000
3531 9000
3531.5 9000
3532 9000
3532.5 9000
3533 9000
3533.5 9000
3534 9000
3534.5 9000
3535 9000
3535.5 9000
3536 9000
3536.5 9000
3537 9000
3537.5 9000
3538 9000
3538.5 9000
3539 9000
3539.5 9000
3540 9000
3540.5 9000
3541 9000
3541.5 9000
3542 9000
3542.5 9000
3543 9000
3543.5 9000
3544 9000
3544.5 9000
3545 9000
3545.5 9000
3546 9000
3546.5 9000
3547 9000
3547.5 9000
3548 9000
3548.5 9000
3549 9000
3549.5 9000
3550 9000
3550.5 9000
3551 9000
3551.5 9000
3552 9000
3552.5 9000
3553 9000
3553.5 9000
3554 9000
3554.5 9000
3555 9000
3555.5 9000
3556 9000
3556.5 9000
3557 9000
3557.5 9000
3558 9000
3558.5 9000
3559 9000
3559.5 9000
3560 9000
3560.5 9000
3561 9000
3561.5 9000
3562 9000
3562.5 9000
3563 9000
3563.5 9000
3564 9000
3564.5 9000
3565 9000
3565.5 9000
3566 9000
3566.5 9000
3567 9000
3567.5 9000
3568 9000
3568.5 9000
3569 9000
3569.5 9000
3570 12000
3570.5 12000
3571 12000
3571.5 12000
3572 12000
3572.5 12000
3573 12000
3573.5 12000
3574 12000
3574.5 12000
3575 12000
3575.5 12000
3576 12000
3576.5 12000
3577 12000
3577.5 12000
3578 12000
3578.5 12000
3579 12000
3579.5 12000
3580 12000
3580.5 12000
3581 12000
3581.5 12000
3582 12000
3582.5 12000
3583 12000
3583.5 12000
3584 12000
3584.5 12000
3585 12000
3585.5 12000
3586 12000
3586.5 12000
3587 12000
3587.5 12000
3588 12000
3588.5 12000
3589 12000
3589.5 12000
3590 12000
3590.5 12000
3591 12000
3591.5 12000
3592 12000
3592.5 12000
3593 12000
3593.5 12000
3594 12000
3594.5 12000
3595 12000
3595.5 12000
3596 12000
3596.5 12000
3597 12000
3597.5 12000
3598 12000
3598.5 12000
3599 12000
3599.5 12000
3600 12000
3600.5 12000
3601 12000
3601.5 12000
3602 12000
3602.5 12000
3603 12000
3603.5 12000
3604 12000
3604.5 12000
3605 12000
3605.5 12000
3606 12000
3606.5 12000
3607 12000
3607.5 12000
3608 12000
3608.5 12000
3609 12000
3609.5 12000
3610 12000
3610.5 12000
3611 12000
3611.5 12000
3612 12000
3612.5 12000
3613 12000
3613.5 12000
3614 12000
3614.5 12000
3615 12000
3615.5 12000
3616 12000
3616.5 12000
3617 12000
3617.5 12000
3618 12000
3618.5 12000
3619 12000
3619.5 12000
3620 12000
3620.5 12000
3621 12000
3621.5 12000
3622 12000
3622.5 12000
3623 12000
3623.5 12000
3624 12000
3624.5 12000
3625 12000
3625.5 12000
3626 12000
3626.5 12000
3627 12000
3627.5 12000
3628 12000
3628.5 12000
3629 12000
3629.5 12000
3630 12000
3630.5 12000
3631 12000
3631.5 12000
3632 12000
3632.5 12000
3633 12000
3633.5 12000
3634 12000
3634.5 12000
3635 12000
3635.5 12000
3636 12000
3636.5 12000
3637 12000
3637.5 12000
3638 12000
3638.5 12000
3639 12000
3639.5 12000
3640 12000
3640.5 12000
3641 12000
3641.5 12000
3642 12000
3642.5 12000
3643 12000
3643.5 12000
3644 12000
3644.5 12000
3645 12000
3645.5 12000
3646 12000
3646.5 12000
3647 12000
3647.5 12000
3648 12000
3648.5 12000
3649 12000
3649.5 12000
3650 12000
3650.5 12000
3651 12000
3651.5 12000
3652 12000
3652.5 12000
3653 12000
3653.5 12000
3654 12000
3654.5 12000
3655 12000
3655.5 12000
3656 12000
3656.5 12000
3657 12000
3657.5 12000
3658 12000
3658.5 12000
3659 12000
3659.5 12000
3660 12000
3660.5 12000
3661 12000
3661.5 12000
3662 12000
3662.5 12000
3663 12000
3663.5 12000
3664 12000
3664.5 12000
3665 12000
3665.5 12000
3666 12000
3666.5 12000
3667 12000
3667.5 12000
3668 12000
3668.5 12000
3669 12000
3669.5 12000
3670 12000
3670.5 12000
3671 12000
3671.5 12000
3672 12000
3672.5 12000
3673 12000
3673.5 12000
3674 12000
3674.5 12000
3675 0
3675.5 0
3676 0
3676.5 0
3677 0
3677.5 0
3678 0
3678.5 0
3679 0
3679.5 0
3680 0
3680.5 0
3681 0
3681.5 0
3682 0
3682.5 0
3683 0
3683.5 0
3684 0
3684.5 0
3685 0
3685.5 0
3686 0
3686.5 0
3687 0
3687.5 0
3688 0
3688.5 0
3689 0
3689.5 0
3690 0
3690.5 0
3691 0
3691.5 0
3692 0
3692.5 0
3693 0
3693.5 0
3694 0
3694.5 0
3695 0
3695.5 0
3696 0
3696.5 0
3697 0
3697.5 0
3698 0
3698.5 0
3699 0
3699.5 0
3700 0
3700.5 0
3701 0
3701.5 0
3702 0
3702.5 0
3703 0
3703.5 0
3704 0
3704.5 0
3705 0
3705.5 0
3706 0
3706.5 0
3707 0
3707.5 0
3708 0
3708.5 0
3709 0
3709.5 0
3710 0
3710.5 0
3711 0
3711.5 0
3712 0
3712.5 0
3713 0
3713.5 0
3714 0
3714.5 0
3715 0
3715.5 0
3716 0
3716.5 0
3717 0
3717.5 0
3718 0
3718.5 0
3719 0
3719.5 0
3720 0
3720.5 0
3721 0
3721.5 0
3722 0
3722.5 0
3723 0
3723.5 0
3724 0
3724.5 0
3725 0
3725.5 0
3726 0
3726.5 0
3727 0
3727.5 0
3728 0
3728.5 0
3729 0
3729.5 0
3730 0
3730.5 0
3731 0
3731.5 0
3732 0
3732.5 0
3733 0
3733.5 0
3734 0
3734.5 0
3735 0
3735.5 0
3736 0
3736.5 0
3737 0
3737.5 0
3738 0
3738.5 0
3739 0
3739.5 0
3740 0
3740.5 0
3741 0
3741.5 0
3742 0
3742.5 0
3743 0
3743.5 0
3744 0
3744.5 0
3745 0
3745.5 0
3746 0
3746.5 0
3747 0
3747.5 0
3748 0
3748.5 0
3749 0
3749.5 0
3750 0
3750.5 0
3751 0
3751.5 0
3752 0
3752.5 0
3753 0
3753.5 0
3754 0
3754.5 0
3755 0
3755.5 0
3756 0
3756.5 0
3757 0
3757.5 0
3758 0
3758.5 0
3759 0
3759.5 0
3760 0
3760.5 0
3761 0
3761.5 0
3762 0
3762.5 0
3763 0
3763.5 0
3764 0
3764.5 0
3765 0
3765.5 0
3766 0
3766.5 0
3767 0
3767.5 0
3768 0
3768.5 0
3769 0
3769.5 0
3770 0
3770.5 0
3771 0
3771.5 0
3772 0
3772.5 0
3773 0
3773.5 0
3774 0
3774.5 0
3775 0
3775.5 0
3776 0
3776.5 0
3777 0
3777.5 0
3778 0
3778.5 0
3779 0
3779.5 0
3780 3000
3780.5 3000
3781 3000
3781.5 3000
3782 3000
3782.5 3000
3783 3000
3783.5 3000
3784 3000
3784.5 3000
3785 3000
3785.5 3000
3786 3000
3786.5 3000
3787 3000
3787.5 3000
3788 3000
3788.5 3000
3789 3000
3789.5 3000
3790 3000
3790.5 3000
3791 3000
3791.5 3000
3792 3000
3792.5 3000
3793 3000
3793.5 3000
3794 3000
3794.5 3000
3795 3000
3795.5 3000
3796 3000
3796.5 3000
3797 3000
3797.5 3000
3798 3000
3798.5 3000
3799 3000
3799.5 3000
3800 3000
3800.5 3000
3801 3000
3801.5 3000
3802 3000
3802.5 3000
3803 3000
3803.5 3000
3804 3000
3804.5 3000
3805 3000
3805.5 3000
3806 3000
3806.5 3000
3807 3000
3807.5 3000
3808 3000
3808.5 3000
3809 3000
3809.5 3000
3810 3000
3810.5 3000
3811 3000
3811.5 3000
3812 3000
3812.5 3000
3813 3000
3813.5 3000
3814 3000
3814.5 3000
3815 3000
3815.5 3000
3816 3000
3816.5 3000
3817 3000
3817.5 3000
3818 3000
3818.5 3000
3819 3000
3819.5 3000
3820 3000
3820.5 3000
3821 3000
3821.5 3000
3822 3000
3822.5 3000
3823 3000
3823.5 3000
3824 3000
3824.5 3000
3825 3000
3825.5 3000
3826 3000
3826.5 3000
3827 3000
3827.5 3000
3828 3000
3828.5 3000
3829 3000
3829.5 3000
3830 3000
3830.5 3000
3831 3000
3831.5 3000
3832 3000
3832.5 3000
3833 3000
3833.5 3000
3834 3000
3834.5 3000
3835 3000
3835.5 3000
3836 3000
3836.5 3000
3837 3000
3837.5 3000
3838 3000
3838.5 3000
3839 3000
3839.5 3000
3840 3000
3840.5 3000
3841 3000
3841.5 3000
3842 3000
3842.5 3000
3843 3000
3843.5 3000
3844 3000
3844.5 3000
3845 3000
3845.5 3000
3846 3000
3846.5 3000
3847 3000
3847.5 3000
3848 3000
3848.5 3000
3849 3000
3849.5 3000
3850 3000
3850.5 3000
3851 3000
3851.5 3000
3852 3000
3852.5 3000
3853 3000
3853.5 3000
3854 3000
3854.5 3000
3855 3000
3855.5 3000
3856 3000
3856.5 3000
3857 3000
3857.5 3000
3858 3000
3858.5 3000
3859 3000
3859.5 3000
3860 3000
3860.5 3000
3861 3000
3861.5 3000
3862 3000
3862.5 3000
3863 3000
3863.5 3000
3864 3000
3864.5 3000
3865 3000
3865.5 3000
3866 3000
3866.5 3000
3867 3000
3867.5 3000
3868 3000
3868.5 3000
3869 3000
3869.5 3000
3870 3000
3870.5 3000
3871 3000
3871.5 3000
3872 3000
3872.5 3000
3873 3000
3873.5 3000
3874 3000
3874.5 3000
3875 3000
3875.5 3000
3876 3000
3876.5 3000
3877 3000
3877.5 3000
3878 3000
3878.5 3000
3879 3000
3879.5 3000
3880 3000
3880.5 3000
3881 3000
3881.5 3000
3882 3000
3882.5 3000
3883 3000
3883.5 3000
3884 3000
3884.5 3000
3885 6000
3885.5 6000
3886 6000
3886.5 6000
3887 6000
3887.5 6000
3888 6000
3888.5 6000
3889 6000
3889.5 6000
3890 6000
3890.5 6000
3891 6000
3891.5 6000
3892 6000
3892.5 6000
3893 6000
3893.5 6000
3894 6000
3894.5 6000
3895 6000
3895.5 6000
3896 6000
3896.5 6000
3897 6000
3897.5 6000
3898 6000
3898.5 6000
3899 6000
3899.5 6000
3900 6000
3900.5 6000
3901 6000
3901.5 6000
3902 6000
3902.5 6000
3903 6000
3903.5 6000
3904 6000
3904.5 6000
3905 6000
3905.5 6000
3906 6000
3906.5 6000
3907 6000
3907.5 6000
3908 6000
3908.5 6000
3909 6000
3909.5 6000
3910 6000
3910.5 6000
3911 6000
3911.5 6000
3912 6000
3912.5 6000
3913 6000
3913.5 6000
3914 6000
3914.5 6000
3915 6000
3915.5 6000
3916 6000
3916.5 6000
3917 6000
3917.5 6000
3918 6000
3918.5 6000
3919 6000
3919.5 6000
3920 6000
3920.5 6000
3921 6000
3921.5 6000
3922 6000
3922.5 6000
3923 6000
3923.5 6000
3924 6000
3924.5 6000
3925 6000
3925.5 6000
3926 6000
3926.5 6000
3927 6000
3927.5 6000
3928 6000
3928.5 6000
3929 6000
3929.5 6000
3930 6000
3930.5 6000
3931 6000
3931.5 6000
3932 6000
3932.5 6000
3933 6000
3933.5 6000
3934 6000
3934.5 6000
3935 6000
3935.5 6000
3936 6000
3936.5 6000
3937 6000
3937.5 6000
3938 6000
3938.5 6000
3939 6000
3939.5 6000
3940 6000
3940.5 6000
3941 6000
3941.5 6000
3942 6000
3942.5 6000
3943 6000
3943.5 6000
3944 6000
3944.5 6000
3945 6000
3945.5 6000
3946 6000
3946.5 6000
3947 6000
3947.5 6000
3948 6000
3948.5 6000
3949 6000
3949.5 6000
3950 6000
3950.5 6000
3951 6000
3951.5 6000
3952 6000
3952.5 6000
3953 6000
3953.5 6000
3954 6000
3954.5 6000
3955 6000
3955.5 6000
3956 6000
3956.5 6000
3957 6000
3957.5 6000
3958 6000
3958.5 6000
3959 6000
3959.5 6000
3960 6000
3960.5 6000
3961 6000
3961.5 6000
3962 6000
3962.5 6000
3963 6000
3963.5 6000
3964 6000
3964.5 6000
3965 6000
3965.5 6000
3966 6000
3966.5 6000
3967 6000
3967.5 6000
3968 6000
3968.5 6000
3969 6000
3969.5 6000
3970 6000
3970.5 6000
3971 6000
3971.5 6000
3972 6000
3972.5 6000
3973 6000
3973.5 6000
3974 6000
3974.5 6000
3975 6000
3975.5 6000
3976 6000
3976.5 6000
3977 6000
3977.5 6000
3978 6000
3978.5 6000
3979 6000
3979.5 6000
3980 6000
3980.5 6000
3981 6000
3981.5 6000
3982 6000
3982.5 6000
3983 6000
3983.5 6000
3984 6000
3984.5 6000
3985 6000
3985.5 6000
3986 6000
3986.5 6000
3987 6000
3987.5 6000
3988 6000
3988.5 6000
3989 6000
3989.5 6000
3990 9000
3990.5 9000
3991 9000
3991.5 9000
3992 9000
3992.5 9000
3993 9000
3993.5 9000
3994 9000
3994.5 9000
3995 9000
3995.5 9000
3996 9000
3996.5 9000
3997 9000
3997.5 9000
3998 9000
3998.5 9000
3999 9000
3999.5 9000
4000 9000
4000.5 9000
4001 9000
4001.5 9000
4002 9000
4002.5 9000
4003 9000
4003.5 9000
4004 9000
4004.5 9000
4005 9000
4005.5 9000
4006 9000
4006.5 9000
4007 9000
4007.5 9000
4008 9000
4008.5 9000
4009 9000
4009.5 9000
4010 9000
4010.5 9000
4011 9000
4011.5 9000
4012 9000
4012.5 9000
4013 9000
4013.5 9000
4014 9000
4014.5 9000
4015 9000
4015.5 9000
4016 9000
4016.5 9000
4017 9000
4017.5 9000
4018 9000
4018.5 9000
4019 9000
4019.5 9000
4020 9000
4020.5 9000
4021 9000
4021.5 9000
4022 9000
4022.5 9000
4023 9000
4023.5 9000
4024 9000
4024.5 9000
4025 9000
4025.5 9000
4026 9000
4026.5 9000
4027 9000
4027.5 9000
4028 9000
4028.5 9000
4029 9000
4029.5 9000
4030 9000
4030.5 9000
4031 9000
4031.5 9000
4032 9000
4032.5 9000
4033 9000
4033.5 9000
4034 9000
4034.5 9000
4035 9000
4035.5 9000
4036 9000
4036.5 9000
4037 9000
4037.5 9000
4038 9000
4038.5 9000
4039 9000
4039.5 9000
4040 9000
4040.5 9000
4041 9000
4041.5 9000
4042 9000
4042.5 9000
4043 9000
4043.5 9000
4044 9000
4044.5 9000
4045 9000
4045.5 9000
4046 9000
4046.5 9000
4047 9000
4047.5 9000
4048 9000
4048.5 9000
4049 9000
4049.5 9000
4050 9000
4050.5 9000
4051 9000
4051.5 9000
4052 9000
4052.5 9000
4053 9000
4053.5 9000
4054 9000
4054.5 9000
4055 9000
4055.5 9000
4056 9000
4056.5 9000
4057 9000
4057.5 9000
4058 9000
4058.5 9000
4059 9000
4059.5 9000
4060 9000
4060.5 9000
4061 9000
4061.5 9000
4062 9000
4062.5 9000
4063 9000
4063.5 9000
4064 9000
4064.5 9000
4065 9000
4065.5 9000
4066 9000
4066.5 9000
4067 9000
4067.5 9000
4068 9000
4068.5 9000
4069 9000
4069.5 9000
4070 9000
4070.5 9000
4071 9000
4071.5 9000
4072 9000
4072.5 9000
4073 9000
4073.5 9000
4074 9000
4074.5 9000
4075 9000
4075.5 9000
4076 9000
4076.5 9000
4077 9000
4077.5 9000
4078 9000
4078.5 9000
4079 9000
4079.5 9000
4080 9000
4080.5 9000
4081 9000
4081.5 9000
4082 9000
4082.5 9000
4083 9000
4083.5 9000
4084 9000
4084.5 9000
4085 9000
4085.5 9000
4086 9000
4086.5 9000
4087 9000
4087.5 9000
4088 9000
4088.5 9000
4089 9000
4089.5 9000
4090 9000
4090.5 9000
4091 9000
4091.5 9000
4092 9000
4092.5 9000
4093 9000
4093.5 9000
4094 9000
4094.5 9000
4095 12000
4095.5 12000
4096 12000
4096.5 12000
4097 12000
4097.5 12000
4098 12000
4098.5 12000
4099 12000
4099.5 12000
4100 12000
4100.5 12000
4101 12000
4101.5 12000
4102 12000
4102.5 12000
4103 12000
4103.5 12000
4104 12000
4104.5 12000
4105 12000
4105.5 12000
4106 12000
4106.5 12000
4107 12000
4107.5 12000
4108 12000
4108.5 12000
4109 12000
4109.5 12000
4110 12000
4110.5 12000
4111 12000
4111.5 12000
4112 12000
4112.5 12000
4113 12000
4113.5 12000
4114 12000
4114.5 12000
4115 12000
4115.5 12000
4116 12000
4116.5 12000
4117 12000
4117.5 12000
4118 12000
4118.5 12000
4119 12000
4119.5 12000
4120 12000
4120.5 12000
4121 12000
4121.5 12000
4122 12000
4122.5 12000
4123 12000
4123.5 12000
4124 12000
4124.5 12000
4125 12000
4125.5 12000
4126 12000
4126.5 12000
4127 12000
4127.5 12000
4128 12000
4128.5 12000
4129 12000
4129.5 12000
4130 12000
4130.5 12000
4131 12000
4131.5 12000
4132 12000
4132.5 12000
4133 12000
4133.5 12000
4134 12000
4134.5 12000
4135 12000
4135.5 12000
4136 12000
4136.5 12000
4137 12000
4137.5 12000
4138 12000
4138.5 12000
4139 12000
4139.5 12000
4140 12000
4140.5 12000
4141 12000
4141.5 12000
4142 12000
4142.5 12000
4143 12000
4143.5 12000
4144 12000
4144.5 12000
4145 12000
4145.5 12000
4146 12000
4146.5 12000
4147 12000
4147.5 12000
4148 12000
4148.5 12000
4149 12000
4149.5 12000
4150 12000
4150.5 12000
4151 12000
4151.5 12000
4152 12000
4152.5 12000
4153 12000
4153.5 12000
4154 12000
4154.5 12000
4155 12000
4155.5 12000
4156 12000
4156.5 12000
4157 12000
4157.5 12000
4158 12000
4158.5 12000
4159 12000
4159.5 12000
4160 12000
4160.5 12000
4161 12000
4161.5 12000
4162 12000
4162.5 12000
4163 12000
4163.5 12000
4164 12000
4164.5 12000
4165 12000
4165.5 12000
4166 12000
4166.5 12000
4167 12000
4167.5 12000
4168 12000
4168.5 12000
4169 12000
4169.5 12000
4170 12000
4170.5 12000
4171 12000
4171.5 12000
4172 12000
4172.5 12000
4173 12000
4173.5 12000
4174 12000
4174.5 12000
4175 12000
4175.5 12000
4176 12000
4176.5 12000
4177 12000
4177.5 12000
4178 12000
4178.5 12000
4179 12000
4179.5 12000
4180 12000
4180.5 12000
4181 12000
4181.5 12000
4182 12000
4182.5 12000
4183 12000
4183.5 12000
4184 12000
4184.5 12000
4185 12000
4185.5 12000
4186 12000
4186.5 12000
4187 12000
4187.5 12000
4188 12000
4188.5 12000
4189 12000
4189.5 12000
4190 12000
4190.5 12000
4191 12000
4191.5 12000
4192 12000
4192.5 12000
4193 12000
4193.5 12000
4194 12000
4194.5 12000
4195 12000
4195.5 12000
4196 12000
4196.5 12000
4197 12000
4197.5 12000
4198 12000
4198.5 12000
4199 12000
4199.5 12000
4200 0
4200.5 0
4201 0
4201.5 0
4202 0
4202.5 0
4203 0
4203.5 0
4204 0
4204.5 0
4205 0
4205.5 0
4206 0
4206.5 0
4207 0
4207.5 0
4208 0
4208.5 0
4209 0
4209.5 0
4210 0
4210.5 0
4211 0
4211.5 0
4212 0
4212.5 0
4213 0
4213.5 0
4214 0
4214.5 0
4215 0
4215.5 0
4216 0
4216.5 0
4217 0
4217.5 0
4218 0
4218.5 0
4219 0
4219.5 0
4220 0
4220.5 0
4221 0
4221.5 0
4222 0
4222.5 0
4223 0
4223.5 0
4224 0
4224.5 0
4225 0
4225.5 0
4226 0
4226.5 0
4227 0
4227.5 0
4228 0
4228.5 0
4229 0
4229.5 0
4230 0
4230.5 0
4231 0
4231.5 0
4232 0
4232.5 0
4233 0
4233.5 0
4234 0
4234.5 0
4235 0
4235.5 0
4236 0
4236.5 0
4237 0
4237.5 0
4238 0
4238.5 0
4239 0
4239.5 0
4240 0
4240.5 0
4241 0
4241.5 0
4242 0
4242.5 0
4243 0
4243.5 0
4244 0
4244.5 0
4245 0
4245.5 0
4246 0
4246.5 0
4247 0
4247.5 0
4248 0
4248.5 0
4249 0
4249.5 0
4250 0
4250.5 0
4251 0
4251.5 0
4252 0
4252.5 0
4253 0
4253.5 0
4254 0
4254.5 0
4255 0
4255.5 0
4256 0
4256.5 0
4257 0
4257.5 0
4258 0
4258.5 0
4259 0
4259.5 0
4260 0
4260.5 0
4261 0
4261.5 0
4262 0
4262.5 0
4263 0
4263.5 0
4264 0
4264.5 0
4265 0
4265.5 0
4266 0
4266.5 0
4267 0
4267.5 0
4268 0
4268.5 0
4269 0
4269.5 0
4270 0
4270.5 0
4271 0
4271.5 0
4272 0
4272.5 0
4273 0
4273.5 0
4274 0
4274.5 0
4275 0
4275.5 0
4276 0
4276.5 0
4277 0
4277.5 0
4278 0
4278.5 0
4279 0
4279.5 0
4280 0
4280.5 0
4281 0
4281.5 0
4282 0
4282.5 0
4283 0
4283.5 0
4284 0
4284.5 0
4285 0
4285.5 0
4286 0
4286.5 0
4287 0
4287.5 0
4288 0
4288.5 0
4289 0
4289.5 0
4290 0
4290.5 0
4291 0
4291.5 0
4292 0
4292.5 0
4293 0
4293.5 0
4294 0
4294.5 0
4295 0
4295.5 0
4296 0
4296.5 0
4297 0
4297.5 0
4298 0
4298.5 0
4299 0
4299.5 0
4300 0
4300.5 0
4301 0
4301.5 0
4302 0
4302.5 0
4303 0
4303.5 0
4304 0
4304.5 0
4305 3000
4305.5 3000
4306 3000
4306.5 3000
4307 3000
4307.5 3000
4308 3000
4308.5 3000
4309 3000
4309.5 3000
4310 3000
4310.5 3000
4311 3000
4311.5 3000
4312 3000
4312.5 3000
4313 3000
4313.5 3000
4314 3000
4314.5 3000
4315 3000
4315.5 3000
4316 3000
4316.5 3000
4317 3000
4317.5 3000
4318 3000
4318.5 3000
4319 3000
4319.5 3000
4320 3000
4320.5 3000
4321 3000
4321.5 3000
4322 3000
4322.5 3000
4323 3000
4323.5 3000
4324 3000
4324.5 3000
4325 3000
4325.5 3000
4326 3000
4326.5 3000
4327 3000
4327.5 3000
4328 3000
4328.5 3000
4329 3000
4329.5 3000
4330 3000
4330.5 3000
4331 3000
4331.5 3000
4332 3000
4332.5 3000
4333 3000
4333.5 3000
4334 3000
4334.5 3000
4335 3000
4335.5 3000
4336 3000
4336.5 3000
4337 3000
4337.5 3000
4338 3000
4338.5 3000
4339 3000
4339.5 3000
4340 3000
4340.5 3000
4341 3000
4341.5 3000
4342 3000
4342.5 3000
4343 3000
4343.5 3000
4344 3000
4344.5 3000
4345 3000
4345.5 3000
4346 3000
4346.5 3000
4347 3000
4347.5 3000
4348 3000
4348.5 3000
4349 3000
4349.5 3000
4350 3000
4350.5 3000
4351 3000
4351.5 3000
4352 3000
4352.5 3000
4353 3000
4353.5 3000
4354 3000
4354.5 3000
4355 3000
4355.5 3000
4356 3000
4356.5 3000
4357 3000
4357.5 3000
4358 3000
4358.5 3000
4359 3000
4359.5 3000
4360 3000
4360.5 3000
4361 3000
4361.5 3000
4362 3000
4362.5 3000
4363 3000
4363.5 3000
4364 3000
4364.5 3000
4365 3000
4365.5 3000
4366 3000
4366.5 3000
4367 3000
4367.5 3000
4368 3000
4368.5 3000
4369 3000
4369.5 3000
4370 3000
4370.5 3000
4371 3000
4371.5 3000
4372 3000
4372.5 3000
4373 3000
4373.5 3000
4374 3000
4374.5 3000
4375 3000
4375.5 3000
4376 3000
4376.5 3000
4377 3000
4377.5 3000
4378 3000
4378.5 3000
4379 3000
4379.5 3000
4380 3000
4380.5 3000
4381 3000
4381.5 3000
4382 3000
4382.5 3000
4383 3000
4383.5 3000
4384 3000
4384.5 3000
4385 3000
4385.5 3000
4386 3000
4386.5 3000
4387 3000
4387.5 3000
4388 3000
4388.5 3000
4389 3000
4389.5 3000
4390 3000
4390.5 3000
4391 3000
4391.5 3000
4392 3000
4392.5 3000
4393 3000
4393.5 3000
4394 3000
4394.5 3000
4395 3000
4395.5 3000
4396 3000
4396.5 3000
4397 3000
4397.5 3000
4398 3000
4398.5 3000
4399 3000
4399.5 3000
4400 3000
4400.5 3000
4401 3000
4401.5 3000
4402 3000
4402.5 3000
4403 3000
4403.5 3000
4404 3000
4404.5 3000
4405 3000
4405.5 3000
4406 3000
4406.5 3000
4407 3000
4407.5 3000
4408 3000
4408.5 3000
4409 3000
4409.5 3000
4410 6000
4410.5 6000
4411 6000
4411.5 6000
4412 6000
4412.5 6000
4413 6000
4413.5 6000
4414 6000
4414.5 6000
4415 6000
4415.5 6000
4416 6000
4416.5 6000
4417 6000
4417.5 6000
4418 6000
4418.5 6000
4419 6000
4419.5 6000
4420 6000
4420.5 6000
4421 6000
4421.5 6000
4422 6000
4422.5 6000
4423 6000
4423.5 6000
4424 6000
4424.5 6000
4425 6000
4425.5 6000
4426 6000
4426.5 6000
4427 6000
4427.5 6000
4428 6000
4428.5 6000
4429 6000
4429.5 6000
4430 6000
4430.5 6000
4431 6000
4431.5 6000
4432 6000
4432.5 6000
4433 6000
4433.5 6000
4434 6000
4434.5 6000
4435 6000
4435.5 6000
4436 6000
4436.5 6000
4437 6000
4437.5 6000
4438 6000
4438.5 6000
4439 6000
4439.5 6000
4440 6000
4440.5 6000
4441 6000
4441.5 6000
4442 6000
4442.5 6000
4443 6000
4443.5 6000
4444 6000
4444.5 6000
4445 6000
4445.5 6000
4446 6000
4446.5 6000
4447 6000
4447.5 6000
4448 6000
4448.5 6000
4449 6000
4449.5 6000
4450 6000
4450.5 6000
4451 6000
4451.5 6000
4452 6000
4452.5 6000
4453 6000
4453.5 6000
4454 6000
4454.5 6000
4455 6000
4455.5 6000
4456 6000
4456.5 6000
4457 6000
4457.5 6000
4458 6000
4458.5 6000
4459 6000
4459.5 6000
4460 6000
4460.5 6000
4461 6000
4461.5 6000
4462 6000
4462.5 6000
4463 6000
4463.5 6000
4464 6000
4464.5 6000
4465 6000
4465.5 6000
4466 6000
4466.5 6000
4467 6000
4467.5 6000
4468 6000
4468.5 6000
4469 6000
4469.5 6000
4470 6000
4470.5 6000
4471 6000
4471.5 6000
4472 6000
4472.5 6000
4473 6000
4473.5 6000
4474 6000
4474.5 6000
4475 6000
4475.5 6000
4476 6000
4476.5 6000
4477 6000
4477.5 6000
4478 6000
4478.5 6000
4479 6000
4479.5 6000
4480 6000
4480.5 6000
4481 6000
4481.5 6000
4482 6000
4482.5 6000
4483 6000
4483.5 6000
4484 6000
4484.5 6000
4485 6000
4485.5 6000
4486 6000
4486.5 6000
4487 6000
4487.5 6000
4488 6000
4488.5 6000
4489 6000
4489.5 6000
4490 6000
4490.5 6000
4491 6000
4491.5 6000
4492 6000
4492.5 6000
4493 6000
4493.5 6000
4494 6000
4494.5 6000
4495 6000
4495.5 6000
4496 6000
4496.5 6000
4497 6000
4497.5 6000
4498 6000
4498.5 6000
4499 6000
4499.5 6000
4500 6000
4500.5 6000
4501 6000
4501.5 6000
4502 6000
4502.5 6000
4503 6000
4503.5 6000
4504 6000
4504.5 6000
4505 6000
4505.5 6000
4506 6000
4506.5 6000
4507 6000
4507.5 6000
4508 6000
4508.5 6000
4509 6000
4509.5 6000
4510 6000
4510.5 6000
4511 6000
4511.5 6000
4512 6000
4512.5 6000
4513 6000
4513.5 6000
4514 6000
4514.5 6000
4515 9000
4515.5 9000
4516 9000
4516.5 9000
4517 9000
4517.5 9000
4518 9000
4518.5 9000
4519 9000
4519.5 9000
4520 9000
4520.5 9000
4521 9000
4521.5 9000
4522 9000
4522.5 9000
4523 9000
4523.5 9000
4524 9000
4524.5 9000
4525 9000
4525.5 9000
4526 9000
4526.5 9000
4527 9000
4527.5 9000
4528 9000
4528.5 9000
4529 9000
4529.5 9000
4530 9000
4530.5 9000
4531 9000
4531.5 9000
4532 9000
4532.5 9000
4533 9000
4533.5 9000
4534 9000
4534.5 9000
4535 9000
4535.5 9000
4536 9000
4536.5 9000
4537 9000
4537.5 9000
4538 9000
4538.5 9000
4539 9000
4539.5 9000
4540 9000
4540.5 9000
4541 9000
4541.5 9000
4542 9000
4542.5 9000
4543 9000
4543.5 9000
4544 9000
4544.5 9000
4545 9000
4545.5 9000
4546 9000
4546.5 9000
4547 9000
4547.5 9000
4548 9000
4548.5 9000
4549 9000
4549.5 9000
4550 9000
4550.5 9000
4551 9000
4551.5 9000
4552 9000
4552.5 9000
4553 9000
4553.5 9000
4554 9000
4554.5 9000
4555 9000
4555.5 9000
4556 9000
4556.5 9000
4557 9000
4557.5 9000
4558 9000
4558.5 9000
4559 9000
4559.5 9000
4560 9000
4560.5 9000
4561 9000
4561.5 9000
4562 9000
4562.5 9000
4563 9000
4563.5 9000
4564 9000
4564.5 9000
4565 9000
4565.5 9000
4566 9000
4566.5 9000
4567 9000
4567.5 9000
4568 9000
4568.5 9000
4569 9000
4569.5 9000
4570 9000
4570.5 9000
4571 9000
4571.5 9000
4572 9000
4572.5 9000
4573 9000
4573.5 9000
4574 9000
4574.5 9000
4575 9000
4575.5 9000
4576 9000
4576.5 9000
4577 9000
4577.5 9000
4578 9000
4578.5 9000
4579 9000
4579.5 9000
4580 9000
4580.5 9000
4581 9000
4581.5 9000
4582 9000
4582.5 9000
4583 9000
4583.5 9000
4584 9000
4584.5 9000
4585 9000
4585.5 9000
4586 9000
4586.5 9000
4587 9000
4587.5 9000
4588 9000
4588.5 9000
4589 9000
4589.5 9000
4590 9000
4590.5 9000
4591 9000
4591.5 9000
4592 9000
4592.5 9000
4593 9000
4593.5 9000
4594 9000
4594.5 9000
4595 9000
4595.5 9000
4596 9000
4596.5 9000
4597 9000
4597.5 9000
4598 9000
4598.5 9000
4599 9000
4599.5 9000
4600 9000
4600.5 9000
4601 9000
4601.5 9000
4602 9000
4602.5 9000
4603 9000
4603.5 9000
4604 9000
4604.5 9000
4605 9000
4605.5 9000
4606 9000
4606.5 9000
4607 9000
4607.5 9000
4608 9000
4608.5 9000
4609 9000
4609.5 9000
4610 9000
4610.5 9000
4611 9000
4611.5 9000
4612 9000
4612.5 9000
4613 9000
4613.5 9000
4614 9000
4614.5 9000
4615 9000
4615.5 9000
4616 9000
4616.5 9000
4617 9000
4617.5 9000
4618 9000
4618.5 9000
4619 9000
4619.5 9000
4620 12000
4620.5 12000
4621 12000
4621.5 12000
4622 12000
4622.5 12000
4623 12000
4623.5 12000
4624 12000
4624.5 12000
4625 12000
4625.5 12000
4626 12000
4626.5 12000
4627 12000
4627.5 12000
4628 12000
4628.5 12000
4629 12000
4629.5 12000
4630 12000
4630.5 12000
4631 12000
4631.5 12000
4632 12000
4632.5 12000
4633 12000
4633.5 12000
4634 12000
4634.5 12000
4635 12000
4635.5 12000
4636 12000
4636.5 12000
4637 12000
4637.5 12000
4638 12000
4638.5 12000
4639 12000
4639.5 12000
4640 12000
4640.5 12000
4641 12000
4641.5 12000
4642 12000
4642.5 12000
4643 12000
4643.5 12000
4644 12000
4644.5 12000
4645 12000
4645.5 12000
4646 12000
4646.5 12000
4647 12000
4647.5 12000
4648 12000
4648.5 12000
4649 12000
4649.5 12000
4650 12000
4650.5 12000
4651 12000
4651.5 12000
4652 12000
4652.5 12000
4653 12000
4653.5 12000
4654 12000
4654.5 12000
4655 12000
4655.5 12000
4656 12000
4656.5 12000
4657 12000
4657.5 12000
4658 12000
4658.5 12000
4659 12000
4659.5 12000
4660 12000
4660.5 12000
4661 12000
4661.5 12000
4662 12000
4662.5 12000
4663 12000
4663.5 12000
4664 12000
4664.5 12000
4665 12000
4665.5 12000
4666 12000
4666.5 12000
4667 12000
4667.5 12000
4668 12000
4668.5 12000
4669 12000
4669.5 12000
4670 12000
4670.5 12000
4671 12000
4671.5 12000
4672 12000
4672.5 12000
4673 12000
4673.5 12000
4674 12000
4674.5 12000
4675 12000
4675.5 12000
4676 12000
4676.5 12000
4677 12000
4677.5 12000
4678 12000
4678.5 12000
4679 12000
4679.5 12000
4680 12000
4680.5 12000
4681 12000
4681.5 12000
4682 12000
4682.5 12000
4683 12000
4683.5 12000
4684 12000
4684.5 12000
4685 12000
4685.5 12000
4686 12000
4686.5 12000
4687 12000
4687.5 12000
4688 12000
4688.5 12000
4689 12000
4689.5 12000
4690 12000
4690.5 12000
4691 12000
4691.5 12000
4692 12000
4692.5 12000
4693 12000
4693.5 12000
4694 12000
4694.5 12000
4695 12000
4695.5 12000
4696 12000
4696.5 12000
4697 12000
4697.5 12000
4698 12000
4698.5 12000
4699 12000
4699.5 12000
4700 12000
4700.5 12000
4701 12000
4701.5 12000
4702 12000
4702.5 12000
4703 12000
4703.5 12000
4704 12000
4704.5 12000
4705 12000
4705.5 12000
4706 12000
4706.5 12000
4707 12000
4707.5 12000
4708 12000
4708.5 12000
4709 12000
4709.5 12000
4710 12000
4710.5 12000
4711 12000
4711.5 12000
4712 12000
4712.5 12000
4713 12000
4713.5 12000
4714 12000
4714.5 12000
4715 12000
4715.5 12000
4716 12000
4716.5 12000
4717 12000
4717.5 12000
4718 12000
4718.5 12000
4719 12000
4719.5 12000
4720 12000
4720.5 12000
4721 12000
4721.5 12000
4722 12000
4722.5 12000
4723 12000
4723.5 12000
4724 12000
4724.5 12000
