# Table format: 1D
# Input signal 4 of FADEC_FLOW_Demand_5D.txt: ISA_dT_C vs time
# axis1_unit = s
0 -20
1 -20
2 -20
3 -20
4 -20
5 -20
6 -20
7 0
8 0
9 0
10 0
11 0
12 0
13 0
14 20
15 20
16 20
17 20
18 20
19 20
20 20
21 -20
22 -20
23 -20
24 -20
25 -20
26 -20
27 -20
28 0
29 0
30 0
31 0
32 0
33 0
34 0
35 20
36 20
37 20
38 20
39 20
40 20
41 20
42 -20
43 -20
44 -20
45 -20
46 -20
47 -20
48 -20
49 0
50 0
51 0
52 0
53 0
54 0
55 0
56 20
57 20
58 20
59 20
60 20
61 20
62 20
63 -20
64 -20
65 -20
66 -20
67 -20
68 -20
69 -20
70 0
71 0
72 0
73 0
74 0
75 0
76 0
77 20
78 20
79 20
80 20
81 20
82 20
83 20
84 -20
85 -20
86 -20
87 -20
88 -20
89 -20
90 -20
91 0
92 0
93 0
94 0
95 0
96 0
97 0
98 20
99 20
100 20
101 20
102 20
103 20
104 20
105 -20
106 -20
107 -20
108 -20
109 -20
110 -20
111 -20
112 0
113 0
114 0
115 0
116 0
117 0
118 0
119 20
120 20
121 20
122 20
123 20
124 20
125 20
126 -20
127 -20
128 -20
129 -20
130 -20
131 -20
132 -20
133 0
134 0
135 0
136 0
137 0
138 0
139 0
140 20
141 20
142 20
143 20
144 20
145 20
146 20
147 -20
148 -20
149 -20
150 -20
151 -20
152 -20
153 -20
154 0
155 0
156 0
157 0
158 0
159 0
160 0
161 20
162 20
163 20
164 20
165 20
166 20
167 20
168 -20
169 -20
170 -20
171 -20
172 -20
173 -20
174 -20
175 0
176 0
177 0
178 0
179 0
180 0
181 0
182 20
183 20
184 20
185 20
186 20
187 20
188 20
189 -20
190 -20
191 -20
192 -20
193 -20
194 -20
195 -20
196 0
197 0
198 0
199 0
200 0
201 0
202 0
203 20
204 20
205 20
206 20
207 20
208 20
209 20
210 -20
211 -20
212 -20
213 -20
214 -20
215 -20
216 -20
217 0
218 0
219 0
220 0
221 0
222 0
223 0
224 20
225 20
226 20
227 20
228 20
229 20
230 20
231 -20
232 -20
233 -20
234 -20
235 -20
236 -20
237 -20
238 0
239 0
240 0
241 0
242 0
243 0
244 0
245 20
246 20
247 20
248 20
249 20
250 20
251 20
252 -20
253 -20
254 -20
255 -20
256 -20
257 -20
258 -20
259 0
260 0
261 0
262 0
263 0
264 0
265 0
266 20
267 20
268 20
269 20
270 20
271 20
272 20
273 -20
274 -20
275 -20
276 -20
277 -20
278 -20
279 -20
280 0
281 0
282 0
283 0
284 0
285 0
286 0
287 20
288 20
289 20
290 20
291 20
292 20
293 20
294 -20
295 -20
296 -20
297 -20
298 -20
299 -20
300 -20
301 0
302 0
303 0
304 0
305 0
306 0
307 0
308 20
309 20
310 20
311 20
312 20
313 20
314 20
315 -20
316 -20
317 -20
318 -20
319 -20
320 -20
321 -20
322 0
323 0
324 0
325 0
326 0
327 0
328 0
329 20
330 20
331 20
332 20
333 20
334 20
335 20
336 -20
337 -20
338 -20
339 -20
340 -20
341 -20
342 -20
343 0
344 0
345 0
346 0
347 0
348 0
349 0
350 20
351 20
352 20
353 20
354 20
355 20
356 20
357 -20
358 -20
359 -20
360 -20
361 -20
362 -20
363 -20
364 0
365 0
366 0
367 0
368 0
369 0
370 0
371 20
372 20
373 20
374 20
375 20
376 20
377 20
378 -20
379 -20
380 -20
381 -20
382 -20
383 -20
384 -20
385 0
386 0
387 0
388 0
389 0
390 0
391 0
392 20
393 20
394 20
395 20
396 20
397 20
398 20
399 -20
400 -20
401 -20
402 -20
403 -20
404 -20
405 -20
406 0
407 0
408 0
409 0
410 0
411 0
412 0
413 20
414 20
415 20
416 20
417 20
418 20
419 20
420 -20
421 -20
422 -20
423 -20
424 -20
425 -20
426 -20
427 0
428 0
429 0
430 0
431 0
432 0
433 0
434 20
435 20
436 20
437 20
438 20
439 20
440 20
441 -20
442 -20
443 -20
444 -20
445 -20
446 -20
447 -20
448 0
449 0
450 0
451 0
452 0
453 0
454 0
455 20
456 20
457 20
458 20
459 20
460 20
461 20
462 -20
463 -20
464 -20
465 -20
466 -20
467 -20
468 -20
469 0
470 0
471 0
472 0
473 0
474 0
475 0
476 20
477 20
478 20
479 20
480 20
481 20
482 20
483 -20
484 -20
485 -20
486 -20
487 -20
488 -20
489 -20
490 0
491 0
492 0
493 0
494 0
495 0
496 0
497 20
498 20
499 20
500 20
501 20
502 20
503 20
504 -20
505 -20
506 -20
507 -20
508 -20
509 -20
510 -20
511 0
512 0
513 0
514 0
515 0
516 0
517 0
518 20
519 20
520 20
521 20
522 20
523 20
524 20
525 -20
526 -20
527 -20
528 -20
529 -20
530 -20
531 -20
532 0
533 0
534 0
535 0
536 0
537 0
538 0
539 20
540 20
541 20
542 20
543 20
544 20
545 20
546 -20
547 -20
548 -20
549 -20
550 -20
551 -20
552 -20
553 0
554 0
555 0
556 0
557 0
558 0
559 0
560 20
561 20
562 20
563 20
564 20
565 20
566 20
567 -20
568 -20
569 -20
570 -20
571 -20
572 -20
573 -20
574 0
575 0
576 0
577 0
578 0
579 0
580 0
581 20
582 20
583 20
584 20
585 20
586 20
587 20
588 -20
589 -20
590 -20
591 -20
592 -20
593 -20
594 -20
595 0
596 0
597 0
598 0
599 0
600 0
601 0
602 20
603 20
604 20
605 20
606 20
607 20
608 20
609 -20
610 -20
611 -20
612 -20
613 -20
614 -20
615 -20
616 0
617 0
618 0
619 0
620 0
621 0
622 0
623 20
624 20
625 20
626 20
627 20
628 20
629 20
630 -20
631 -20
632 -20
633 -20
634 -20
635 -20
636 -20
637 0
638 0
639 0
640 0
641 0
642 0
643 0
644 20
645 20
646 20
647 20
648 20
649 20
650 20
651 -20
652 -20
653 -20
654 -20
655 -20
656 -20
657 -20
658 0
659 0
660 0
661 0
662 0
663 0
664 0
665 20
666 20
667 20
668 20
669 20
670 20
671 20
672 -20
673 -20
674 -20
675 -20
676 -20
677 -20
678 -20
679 0
680 0
681 0
682 0
683 0
684 0
685 0
686 20
687 20
688 20
689 20
690 20
691 20
692 20
693 -20
694 -20
695 -20
696 -20
697 -20
698 -20
699 -20
700 0
701 0
702 0
703 0
704 0
705 0
706 0
707 20
708 20
709 20
710 20
711 20
712 20
713 20
714 -20
715 -20
716 -20
717 -20
718 -20
719 -20
720 -20
721 0
722 0
723 0
724 0
725 0
726 0
727 0
728 20
729 20
730 20
731 20
732 20
733 20
734 20
735 -20
736 -20
737 -20
738 -20
739 -20
740 -20
741 -20
742 0
743 0
744 0
745 0
746 0
747 0
748 0
749 20
750 20
751 20
752 20
753 20
754 20
755 20
756 -20
757 -20
758 -20
759 -20
760 -20
761 -20
762 -20
763 0
764 0
765 0
766 0
767 0
768 0
769 0
770 20
771 20
772 20
773 20
774 20
775 20
776 20
777 -20
778 -20
779 -20
780 -20
781 -20
782 -20
783 -20
784 0
785 0
786 0
787 0
788 0
789 0
790 0
791 20
792 20
793 20
794 20
795 20
796 20
797 20
798 -20
799 -20
800 -20
801 -20
802 -20
803 -20
804 -20
805 0
806 0
807 0
808 0
809 0
810 0
811 0
812 20
813 20
814 20
815 20
816 20
817 20
818 20
819 -20
820 -20
821 -20
822 -20
823 -20
824 -20
825 -20
826 0
827 0
828 0
829 0
830 0
831 0
832 0
833 20
834 20
835 20
836 20
837 20
838 20
839 20
840 -20
841 -20
842 -20
843 -20
844 -20
845 -20
846 -20
847 0
848 0
849 0
850 0
851 0
852 0
853 0
854 20
855 20
856 20
857 20
858 20
859 20
860 20
861 -20
862 -20
863 -20
864 -20
865 -20
866 -20
867 -20
868 0
869 0
870 0
871 0
872 0
873 0
874 0
875 20
876 20
877 20
878 20
879 20
880 20
881 20
882 -20
883 -20
884 -20
885 -20
886 -20
887 -20
888 -20
889 0
890 0
891 0
892 0
893 0
894 0
895 0
896 20
897 20
898 20
899 20
900 20
901 20
902 20
903 -20
904 -20
905 -20
906 -20
907 -20
908 -20
909 -20
910 0
911 0
912 0
913 0
914 0
915 0
916 0
917 20
918 20
919 20
920 20
921 20
922 20
923 20
924 -20
925 -20
926 -20
927 -20
928 -20
929 -20
930 -20
931 0
932 0
933 0
934 0
935 0
936 0
937 0
938 20
939 20
940 20
941 20
942 20
943 20
944 20
945 -20
946 -20
947 -20
948 -20
949 -20
950 -20
951 -20
952 0
953 0
954 0
955 0
956 0
957 0
958 0
959 20
960 20
961 20
962 20
963 20
964 20
965 20
966 -20
967 -20
968 -20
969 -20
970 -20
971 -20
972 -20
973 0
974 0
975 0
976 0
977 0
978 0
979 0
980 20
981 20
982 20
983 20
984 20
985 20
986 20
987 -20
988 -20
989 -20
990 -20
991 -20
992 -20
993 -20
994 0
995 0
996 0
997 0
998 0
999 0
1000 0
1001 20
1002 20
1003 20
1004 20
1005 20
1006 20
1007 20
1008 -20
1009 -20
1010 -20
1011 -20
1012 -20
1013 -20
1014 -20
1015 0
1016 0
1017 0
1018 0
1019 0
1020 0
1021 0
1022 20
1023 20
1024 20
1025 20
1026 20
1027 20
1028 20
1029 -20
1030 -20
1031 -20
1032 -20
1033 -20
1034 -20
1035 -20
1036 0
1037 0
1038 0
1039 0
1040 0
1041 0
1042 0
1043 20
1044 20
1045 20
1046 20
1047 20
1048 20
1049 20
1050 -20
1051 -20
1052 -20
1053 -20
1054 -20
1055 -20
1056 -20
1057 0
1058 0
1059 0
1060 0
1061 0
1062 0
1063 0
1064 20
1065 20
1066 20
1067 20
1068 20
1069 20
1070 20
1071 -20
1072 -20
1073 -20
1074 -20
1075 -20
1076 -20
1077 -20
1078 0
1079 0
1080 0
1081 0
1082 0
1083 0
1084 0
1085 20
1086 20
1087 20
1088 20
1089 20
1090 20
1091 20
1092 -20
1093 -20
1094 -20
1095 -20
1096 -20
1097 -20
1098 -20
1099 0
1100 0
1101 0
1102 0
1103 0
1104 0
1105 0
1106 20
1107 20
1108 20
1109 20
1110 20
1111 20
1112 20
1113 -20
1114 -20
1115 -20
1116 -20
1117 -20
1118 -20
1119 -20
1120 0
1121 0
1122 0
1123 0
1124 0
1125 0
1126 0
1127 20
1128 20
1129 20
1130 20
1131 20
1132 20
1133 20
1134 -20
1135 -20
1136 -20
1137 -20
1138 -20
1139 -20
1140 -20
1141 0
1142 0
1143 0
1144 0
1145 0
1146 0
1147 0
1148 20
1149 20
1150 20
1151 20
1152 20
1153 20
1154 20
1155 -20
1156 -20
1157 -20
1158 -20
1159 -20
1160 -20
1161 -20
1162 0
1163 0
1164 0
1165 0
1166 0
1167 0
1168 0
1169 20
1170 20
1171 20
1172 20
1173 20
1174 20
1175 20
1176 -20
1177 -20
1178 -20
1179 -20
1180 -20
1181 -20
1182 -20
1183 0
1184 0
1185 0
1186 0
1187 0
1188 0
1189 0
1190 20
1191 20
1192 20
1193 20
1194 20
1195 20
1196 20
1197 -20
1198 -20
1199 -20
1200 -20
1201 -20
1202 -20
1203 -20
1204 0
1205 0
1206 0
1207 0
1208 0
1209 0
1210 0
1211 20
1212 20
1213 20
1214 20
1215 20
1216 20
1217 20
1218 -20
1219 -20
1220 -20
1221 -20
1222 -20
1223 -20
1224 -20
1225 0
1226 0
1227 0
1228 0
1229 0
1230 0
1231 0
1232 20
1233 20
1234 20
1235 20
1236 20
1237 20
1238 20
1239 -20
1240 -20
1241 -20
1242 -20
1243 -20
1244 -20
1245 -20
1246 0
1247 0
1248 0
1249 0
1250 0
1251 0
1252 0
1253 20
1254 20
1255 20
1256 20
1257 20
1258 20
1259 20
1260 -20
1261 -20
1262 -20
1263 -20
1264 -20
1265 -20
1266 -20
1267 0
1268 0
1269 0
1270 0
1271 0
1272 0
1273 0
1274 20
1275 20
1276 20
1277 20
1278 20
1279 20
1280 20
1281 -20
1282 -20
1283 -20
1284 -20
1285 -20
1286 -20
1287 -20
1288 0
1289 0
1290 0
1291 0
1292 0
1293 0
1294 0
1295 20
1296 20
1297 20
1298 20
1299 20
1300 20
1301 20
1302 -20
1303 -20
1304 -20
1305 -20
1306 -20
1307 -20
1308 -20
1309 0
1310 0
1311 0
1312 0
1313 0
1314 0
1315 0
1316 20
1317 20
1318 20
1319 20
1320 20
1321 20
1322 20
1323 -20
1324 -20
1325 -20
1326 -20
1327 -20
1328 -20
1329 -20
1330 0
1331 0
1332 0
1333 0
1334 0
1335 0
1336 0
1337 20
1338 20
1339 20
1340 20
1341 20
1342 20
1343 20
1344 -20
1345 -20
1346 -20
1347 -20
1348 -20
1349 -20
1350 -20
1351 0
1352 0
1353 0
1354 0
1355 0
1356 0
1357 0
1358 20
1359 20
1360 20
1361 20
1362 20
1363 20
1364 20
1365 -20
1366 -20
1367 -20
1368 -20
1369 -20
1370 -20
1371 -20
1372 0
1373 0
1374 0
1375 0
1376 0
1377 0
1378 0
1379 20
1380 20
1381 20
1382 20
1383 20
1384 20
1385 20
1386 -20
1387 -20
1388 -20
1389 -20
1390 -20
1391 -20
1392 -20
1393 0
1394 0
1395 0
1396 0
1397 0
1398 0
1399 0
1400 20
1401 20
1402 20
1403 20
1404 20
1405 20
1406 20
1407 -20
1408 -20
1409 -20
1410 -20
1411 -20
1412 -20
1413 -20
1414 0
1415 0
1416 0
1417 0
1418 0
1419 0
1420 0
1421 20
1422 20
1423 20
1424 20
1425 20
1426 20
1427 20
1428 -20
1429 -20
1430 -20
1431 -20
1432 -20
1433 -20
1434 -20
1435 0
1436 0
1437 0
1438 0
1439 0
1440 0
1441 0
1442 20
1443 20
1444 20
1445 20
1446 20
1447 20
1448 20
1449 -20
1450 -20
1451 -20
1452 -20
1453 -20
1454 -20
1455 -20
1456 0
1457 0
1458 0
1459 0
1460 0
1461 0
1462 0
1463 20
1464 20
1465 20
1466 20
1467 20
1468 20
1469 20
1470 -20
1471 -20
1472 -20
1473 -20
1474 -20
1475 -20
1476 -20
1477 0
1478 0
1479 0
1480 0
1481 0
1482 0
1483 0
1484 20
1485 20
1486 20
1487 20
1488 20
1489 20
1490 20
1491 -20
1492 -20
1493 -20
1494 -20
1495 -20
1496 -20
1497 -20
1498 0
1499 0
1500 0
1501 0
1502 0
1503 0
1504 0
1505 20
1506 20
1507 20
1508 20
1509 20
1510 20
1511 20
1512 -20
1513 -20
1514 -20
1515 -20
1516 -20
1517 -20
1518 -20
1519 0
1520 0
1521 0
1522 0
1523 0
1524 0
1525 0
1526 20
1527 20
1528 20
1529 20
1530 20
1531 20
1532 20
1533 -20
1534 -20
1535 -20
1536 -20
1537 -20
1538 -20
1539 -20
1540 0
1541 0
1542 0
1543 0
1544 0
1545 0
1546 0
1547 20
1548 20
1549 20
1550 20
1551 20
1552 20
1553 20
1554 -20
1555 -20
1556 -20
1557 -20
1558 -20
1559 -20
1560 -20
1561 0
1562 0
1563 0
1564 0
1565 0
1566 0
1567 0
1568 20
1569 20
1570 20
1571 20
1572 20
1573 20
1574 20
1575 -20
1576 -20
1577 -20
1578 -20
1579 -20
1580 -20
1581 -20
1582 0
1583 0
1584 0
1585 0
1586 0
1587 0
1588 0
1589 20
1590 20
1591 20
1592 20
1593 20
1594 20
1595 20
1596 -20
1597 -20
1598 -20
1599 -20
1600 -20
1601 -20
1602 -20
1603 0
1604 0
1605 0
1606 0
1607 0
1608 0
1609 0
1610 20
1611 20
1612 20
1613 20
1614 20
1615 20
1616 20
1617 -20
1618 -20
1619 -20
1620 -20
1621 -20
1622 -20
1623 -20
1624 0
1625 0
1626 0
1627 0
1628 0
1629 0
1630 0
1631 20
1632 20
1633 20
1634 20
1635 20
1636 20
1637 20
1638 -20
1639 -20
1640 -20
1641 -20
1642 -20
1643 -20
1644 -20
1645 0
1646 0
1647 0
1648 0
1649 0
1650 0
1651 0
1652 20
1653 20
1654 20
1655 20
1656 20
1657 20
1658 20
1659 -20
1660 -20
1661 -20
1662 -20
1663 -20
1664 -20
1665 -20
1666 0
1667 0
1668 0
1669 0
1670 0
1671 0
1672 0
1673 20
1674 20
1675 20
1676 20
1677 20
1678 20
1679 20
1680 -20
1681 -20
1682 -20
1683 -20
1684 -20
1685 -20
1686 -20
1687 0
1688 0
1689 0
1690 0
1691 0
1692 0
1693 0
1694 20
1695 20
1696 20
1697 20
1698 20
1699 20
1700 20
1701 -20
1702 -20
1703 -20
1704 -20
1705 -20
1706 -20
1707 -20
1708 0
1709 0
1710 0
1711 0
1712 0
1713 0
1714 0
1715 20
1716 20
1717 20
1718 20
1719 20
1720 20
1721 20
1722 -20
1723 -20
1724 -20
1725 -20
1726 -20
1727 -20
1728 -20
1729 0
1730 0
1731 0
1732 0
1733 0
1734 0
1735 0
1736 20
1737 20
1738 20
1739 20
1740 20
1741 20
1742 20
1743 -20
1744 -20
1745 -20
1746 -20
1747 -20
1748 -20
1749 -20
1750 0
1751 0
1752 0
1753 0
1754 0
1755 0
1756 0
1757 20
1758 20
1759 20
1760 20
1761 20
1762 20
1763 20
1764 -20
1765 -20
1766 -20
1767 -20
1768 -20
1769 -20
1770 -20
1771 0
1772 0
1773 0
1774 0
1775 0
1776 0
1777 0
1778 20
1779 20
1780 20
1781 20
1782 20
1783 20
1784 20
1785 -20
1786 -20
1787 -20
1788 -20
1789 -20
1790 -20
1791 -20
1792 0
1793 0
1794 0
1795 0
1796 0
1797 0
1798 0
1799 20
1800 20
1801 20
1802 20
1803 20
1804 20
1805 20
1806 -20
1807 -20
1808 -20
1809 -20
1810 -20
1811 -20
1812 -20
1813 0
1814 0
1815 0
1816 0
1817 0
1818 0
1819 0
1820 20
1821 20
1822 20
1823 20
1824 20
1825 20
1826 20
1827 -20
1828 -20
1829 -20
1830 -20
1831 -20
1832 -20
1833 -20
1834 0
1835 0
1836 0
1837 0
1838 0
1839 0
1840 0
1841 20
1842 20
1843 20
1844 20
1845 20
1846 20
1847 20
1848 -20
1849 -20
1850 -20
1851 -20
1852 -20
1853 -20
1854 -20
1855 0
1856 0
1857 0
1858 0
1859 0
1860 0
1861 0
1862 20
1863 20
1864 20
1865 20
1866 20
1867 20
1868 20
1869 -20
1870 -20
1871 -20
1872 -20
1873 -20
1874 -20
1875 -20
1876 0
1877 0
1878 0
1879 0
1880 0
1881 0
1882 0
1883 20
1884 20
1885 20
1886 20
1887 20
1888 20
1889 20
1890 -20
1891 -20
1892 -20
1893 -20
1894 -20
1895 -20
1896 -20
1897 0
1898 0
1899 0
1900 0
1901 0
1902 0
1903 0
1904 20
1905 20
1906 20
1907 20
1908 20
1909 20
1910 20
1911 -20
1912 -20
1913 -20
1914 -20
1915 -20
1916 -20
1917 -20
1918 0
1919 0
1920 0
1921 0
1922 0
1923 0
1924 0
1925 20
1926 20
1927 20
1928 20
1929 20
1930 20
1931 20
1932 -20
1933 -20
1934 -20
1935 -20
1936 -20
1937 -20
1938 -20
1939 0
1940 0
1941 0
1942 0
1943 0
1944 0
1945 0
1946 20
1947 20
1948 20
1949 20
1950 20
1951 20
1952 20
1953 -20
1954 -20
1955 -20
1956 -20
1957 -20
1958 -20
1959 -20
1960 0
1961 0
1962 0
1963 0
1964 0
1965 0
1966 0
1967 20
1968 20
1969 20
1970 20
1971 20
1972 20
1973 20
1974 -20
1975 -20
1976 -20
1977 -20
1978 -20
1979 -20
1980 -20
1981 0
1982 0
1983 0
1984 0
1985 0
1986 0
1987 0
1988 20
1989 20
1990 20
1991 20
1992 20
1993 20
1994 20
1995 -20
1996 -20
1997 -20
1998 -20
1999 -20
2000 -20
2001 -20
2002 0
2003 0
2004 0
2005 0
2006 0
2007 0
2008 0
2009 20
2010 20
2011 20
2012 20
2013 20
2014 20
2015 20
2016 -20
2017 -20
2018 -20
2019 -20
2020 -20
2021 -20
2022 -20
2023 0
2024 0
2025 0
2026 0
2027 0
2028 0
2029 0
2030 20
2031 20
2032 20
2033 20
2034 20
2035 20
2036 20
2037 -20
2038 -20
2039 -20
2040 -20
2041 -20
2042 -20
2043 -20
2044 0
2045 0
2046 0
2047 0
2048 0
2049 0
2050 0
2051 20
2052 20
2053 20
2054 20
2055 20
2056 20
2057 20
2058 -20
2059 -20
2060 -20
2061 -20
2062 -20
2063 -20
2064 -20
2065 0
2066 0
2067 0
2068 0
2069 0
2070 0
2071 0
2072 20
2073 20
2074 20
2075 20
2076 20
2077 20
2078 20
2079 -20
2080 -20
2081 -20
2082 -20
2083 -20
2084 -20
2085 -20
2086 0
2087 0
2088 0
2089 0
2090 0
2091 0
2092 0
2093 20
2094 20
2095 20
2096 20
2097 20
2098 20
2099 20
2100 -20
2101 -20
2102 -20
2103 -20
2104 -20
2105 -20
2106 -20
2107 0
2108 0
2109 0
2110 0
2111 0
2112 0
2113 0
2114 20
2115 20
2116 20
2117 20
2118 20
2119 20
2120 20
2121 -20
2122 -20
2123 -20
2124 -20
2125 -20
2126 -20
2127 -20
2128 0
2129 0
2130 0
2131 0
2132 0
2133 0
2134 0
2135 20
2136 20
2137 20
2138 20
2139 20
2140 20
2141 20
2142 -20
2143 -20
2144 -20
2145 -20
2146 -20
2147 -20
2148 -20
2149 0
2150 0
2151 0
2152 0
2153 0
2154 0
2155 0
2156 20
2157 20
2158 20
2159 20
2160 20
2161 20
2162 20
2163 -20
2164 -20
2165 -20
2166 -20
2167 -20
2168 -20
2169 -20
2170 0
2171 0
2172 0
2173 0
2174 0
2175 0
2176 0
2177 20
2178 20
2179 20
2180 20
2181 20
2182 20
2183 20
2184 -20
2185 -20
2186 -20
2187 -20
2188 -20
2189 -20
2190 -20
2191 0
2192 0
2193 0
2194 0
2195 0
2196 0
2197 0
2198 20
2199 20
2200 20
2201 20
2202 20
2203 20
2204 20
2205 -20
2206 -20
2207 -20
2208 -20
2209 -20
2210 -20
2211 -20
2212 0
2213 0
2214 0
2215 0
2216 0
2217 0
2218 0
2219 20
2220 20
2221 20
2222 20
2223 20
2224 20
2225 20
2226 -20
2227 -20
2228 -20
2229 -20
2230 -20
2231 -20
2232 -20
2233 0
2234 0
2235 0
2236 0
2237 0
2238 0
2239 0
2240 20
2241 20
2242 20
2243 20
2244 20
2245 20
2246 20
2247 -20
2248 -20
2249 -20
2250 -20
2251 -20
2252 -20
2253 -20
2254 0
2255 0
2256 0
2257 0
2258 0
2259 0
2260 0
2261 20
2262 20
2263 20
2264 20
2265 20
2266 20
2267 20
2268 -20
2269 -20
2270 -20
2271 -20
2272 -20
2273 -20
2274 -20
2275 0
2276 0
2277 0
2278 0
2279 0
2280 0
2281 0
2282 20
2283 20
2284 20
2285 20
2286 20
2287 20
2288 20
2289 -20
2290 -20
2291 -20
2292 -20
2293 -20
2294 -20
2295 -20
2296 0
2297 0
2298 0
2299 0
2300 0
2301 0
2302 0
2303 20
2304 20
2305 20
2306 20
2307 20
2308 20
2309 20
2310 -20
2311 -20
2312 -20
2313 -20
2314 -20
2315 -20
2316 -20
2317 0
2318 0
2319 0
2320 0
2321 0
2322 0
2323 0
2324 20
2325 20
2326 20
2327 20
2328 20
2329 20
2330 20
2331 -20
2332 -20
2333 -20
2334 -20
2335 -20
2336 -20
2337 -20
2338 0
2339 0
2340 0
2341 0
2342 0
2343 0
2344 0
2345 20
2346 20
2347 20
2348 20
2349 20
2350 20
2351 20
2352 -20
2353 -20
2354 -20
2355 -20
2356 -20
2357 -20
2358 -20
2359 0
2360 0
2361 0
2362 0
2363 0
2364 0
2365 0
2366 20
2367 20
2368 20
2369 20
2370 20
2371 20
2372 20
2373 -20
2374 -20
2375 -20
2376 -20
2377 -20
2378 -20
2379 -20
2380 0
2381 0
2382 0
2383 0
2384 0
2385 0
2386 0
2387 20
2388 20
2389 20
2390 20
2391 20
2392 20
2393 20
2394 -20
2395 -20
2396 -20
2397 -20
2398 -20
2399 -20
2400 -20
2401 0
2402 0
2403 0
2404 0
2405 0
2406 0
2407 0
2408 20
2409 20
2410 20
2411 20
2412 20
2413 20
2414 20
2415 -20
2416 -20
2417 -20
2418 -20
2419 -20
2420 -20
2421 -20
2422 0
2423 0
2424 0
2425 0
2426 0
2427 0
2428 0
2429 20
2430 20
2431 20
2432 20
2433 20
2434 20
2435 20
2436 -20
2437 -20
2438 -20
2439 -20
2440 -20
2441 -20
2442 -20
2443 0
2444 0
2445 0
2446 0
2447 0
2448 0
2449 0
2450 20
2451 20
2452 20
2453 20
2454 20
2455 20
2456 20
2457 -20
2458 -20
2459 -20
2460 -20
2461 -20
2462 -20
2463 -20
2464 0
2465 0
2466 0
2467 0
2468 0
2469 0
2470 0
2471 20
2472 20
2473 20
2474 20
2475 20
2476 20
2477 20
2478 -20
2479 -20
2480 -20
2481 -20
2482 -20
2483 -20
2484 -20
2485 0
2486 0
2487 0
2488 0
2489 0
2490 0
2491 0
2492 20
2493 20
2494 20
2495 20
2496 20
2497 20
2498 20
2499 -20
2500 -20
2501 -20
2502 -20
2503 -20
2504 -20
2505 -20
2506 0
2507 0
2508 0
2509 0
2510 0
2511 0
2512 0
2513 20
2514 20
2515 20
2516 20
2517 20
2518 20
2519 20
2520 -20
2521 -20
2522 -20
2523 -20
2524 -20
2525 -20
2526 -20
2527 0
2528 0
2529 0
2530 0
2531 0
2532 0
2533 0
2534 20
2535 20
2536 20
2537 20
2538 20
2539 20
2540 20
2541 -20
2542 -20
2543 -20
2544 -20
2545 -20
2546 -20
2547 -20
2548 0
2549 0
2550 0
2551 0
2552 0
2553 0
2554 0
2555 20
2556 20
2557 20
2558 20
2559 20
2560 20
2561 20
2562 -20
2563 -20
2564 -20
2565 -20
2566 -20
2567 -20
2568 -20
2569 0
2570 0
2571 0
2572 0
2573 0
2574 0
2575 0
2576 20
2577 20
2578 20
2579 20
2580 20
2581 20
2582 20
2583 -20
2584 -20
2585 -20
2586 -20
2587 -20
2588 -20
2589 -20
2590 0
2591 0
2592 0
2593 0
2594 0
2595 0
2596 0
2597 20
2598 20
2599 20
2600 20
2601 20
2602 20
2603 20
2604 -20
2605 -20
2606 -20
2607 -20
2608 -20
2609 -20
2610 -20
2611 0
2612 0
2613 0
2614 0
2615 0
2616 0
2617 0
2618 20
2619 20
2620 20
2621 20
2622 20
2623 20
2624 20
2625 -20
2626 -20
2627 -20
2628 -20
2629 -20
2630 -20
2631 -20
2632 0
2633 0
2634 0
2635 0
2636 0
2637 0
2638 0
2639 20
2640 20
2641 20
2642 20
2643 20
2644 20
2645 20
2646 -20
2647 -20
2648 -20
2649 -20
2650 -20
2651 -20
2652 -20
2653 0
2654 0
2655 0
2656 0
2657 0
2658 0
2659 0
2660 20
2661 20
2662 20
2663 20
2664 20
2665 20
2666 20
2667 -20
2668 -20
2669 -20
2670 -20
2671 -20
2672 -20
2673 -20
2674 0
2675 0
2676 0
2677 0
2678 0
2679 0
2680 0
2681 20
2682 20
2683 20
2684 20
2685 20
2686 20
2687 20
2688 -20
2689 -20
2690 -20
2691 -20
2692 -20
2693 -20
2694 -20
2695 0
2696 0
2697 0
2698 0
2699 0
2700 0
2701 0
2702 20
2703 20
2704 20
2705 20
2706 20
2707 20
2708 20
2709 -20
2710 -20
2711 -20
2712 -20
2713 -20
2714 -20
2715 -20
2716 0
2717 0
2718 0
2719 0
2720 0
2721 0
2722 0
2723 20
2724 20
2725 20
2726 20
2727 20
2728 20
2729 20
2730 -20
2731 -20
2732 -20
2733 -20
2734 -20
2735 -20
2736 -20
2737 0
2738 0
2739 0
2740 0
2741 0
2742 0
2743 0
2744 20
2745 20
2746 20
2747 20
2748 20
2749 20
2750 20
2751 -20
2752 -20
2753 -20
2754 -20
2755 -20
2756 -20
2757 -20
2758 0
2759 0
2760 0
2761 0
2762 0
2763 0
2764 0
2765 20
2766 20
2767 20
2768 20
2769 20
2770 20
2771 20
2772 -20
2773 -20
2774 -20
2775 -20
2776 -20
2777 -20
2778 -20
2779 0
2780 0
2781 0
2782 0
2783 0
2784 0
2785 0
2786 20
2787 20
2788 20
2789 20
2790 20
2791 20
2792 20
2793 -20
2794 -20
2795 -20
2796 -20
2797 -20
2798 -20
2799 -20
2800 0
2801 0
2802 0
2803 0
2804 0
2805 0
2806 0
2807 20
2808 20
2809 20
2810 20
2811 20
2812 20
2813 20
2814 -20
2815 -20
2816 -20
2817 -20
2818 -20
2819 -20
2820 -20
2821 0
2822 0
2823 0
2824 0
2825 0
2826 0
2827 0
2828 20
2829 20
2830 20
2831 20
2832 20
2833 20
2834 20
2835 -20
2836 -20
2837 -20
2838 -20
2839 -20
2840 -20
2841 -20
2842 0
2843 0
2844 0
2845 0
2846 0
2847 0
2848 0
2849 20
2850 20
2851 20
2852 20
2853 20
2854 20
2855 20
2856 -20
2857 -20
2858 -20
2859 -20
2860 -20
2861 -20
2862 -20
2863 0
2864 0
2865 0
2866 0
2867 0
2868 0
2869 0
2870 20
2871 20
2872 20
2873 20
2874 20
2875 20
2876 20
2877 -20
2878 -20
2879 -20
2880 -20
2881 -20
2882 -20
2883 -20
2884 0
2885 0
2886 0
2887 0
2888 0
2889 0
2890 0
2891 20
2892 20
2893 20
2894 20
2895 20
2896 20
2897 20
2898 -20
2899 -20
2900 -20
2901 -20
2902 -20
2903 -20
2904 -20
2905 0
2906 0
2907 0
2908 0
2909 0
2910 0
2911 0
2912 20
2913 20
2914 20
2915 20
2916 20
2917 20
2918 20
2919 -20
2920 -20
2921 -20
2922 -20
2923 -20
2924 -20
2925 -20
2926 0
2927 0
2928 0
2929 0
2930 0
2931 0
2932 0
2933 20
2934 20
2935 20
2936 20
2937 20
2938 20
2939 20
2940 -20
2941 -20
2942 -20
2943 -20
2944 -20
2945 -20
2946 -20
2947 0
2948 0
2949 0
2950 0
2951 0
2952 0
2953 0
2954 20
2955 20
2956 20
2957 20
2958 20
2959 20
2960 20
2961 -20
2962 -20
2963 -20
2964 -20
2965 -20
2966 -20
2967 -20
2968 0
2969 0
2970 0
2971 0
2972 0
2973 0
2974 0
2975 20
2976 20
2977 20
2978 20
2979 20
2980 20
2981 20
2982 -20
2983 -20
2984 -20
2985 -20
2986 -20
2987 -20
2988 -20
2989 0
2990 0
2991 0
2992 0
2993 0
2994 0
2995 0
2996 20
2997 20
2998 20
2999 20
3000 20
3001 20
3002 20
3003 -20
3004 -20
3005 -20
3006 -20
3007 -20
3008 -20
3009 -20
3010 0
3011 0
3012 0
3013 0
3014 0
3015 0
3016 0
3017 20
3018 20
3019 20
3020 20
3021 20
3022 20
3023 20
3024 -20
3025 -20
3026 -20
3027 -20
3028 -20
3029 -20
3030 -20
3031 0
3032 0
3033 0
3034 0
3035 0
3036 0
3037 0
3038 20
3039 20
3040 20
3041 20
3042 20
3043 20
3044 20
3045 -20
3046 -20
3047 -20
3048 -20
3049 -20
3050 -20
3051 -20
3052 0
3053 0
3054 0
3055 0
3056 0
3057 0
3058 0
3059 20
3060 20
3061 20
3062 20
3063 20
3064 20
3065 20
3066 -20
3067 -20
3068 -20
3069 -20
3070 -20
3071 -20
3072 -20
3073 0
3074 0
3075 0
3076 0
3077 0
3078 0
3079 0
3080 20
3081 20
3082 20
3083 20
3084 20
3085 20
3086 20
3087 -20
3088 -20
3089 -20
3090 -20
3091 -20
3092 -20
3093 -20
3094 0
3095 0
3096 0
3097 0
3098 0
3099 0
3100 0
3101 20
3102 20
3103 20
3104 20
3105 20
3106 20
3107 20
3108 -20
3109 -20
3110 -20
3111 -20
3112 -20
3113 -20
3114 -20
3115 0
3116 0
3117 0
3118 0
3119 0
3120 0
3121 0
3122 20
3123 20
3124 20
3125 20
3126 20
3127 20
3128 20
3129 -20
3130 -20
3131 -20
3132 -20
3133 -20
3134 -20
3135 -20
3136 0
3137 0
3138 0
3139 0
3140 0
3141 0
3142 0
3143 20
3144 20
3145 20
3146 20
3147 20
3148 20
3149 20
3150 -20
3151 -20
3152 -20
3153 -20
3154 -20
3155 -20
3156 -20
3157 0
3158 0
3159 0
3160 0
3161 0
3162 0
3163 0
3164 20
3165 20
3166 20
3167 20
3168 20
3169 20
3170 20
3171 -20
3172 -20
3173 -20
3174 -20
3175 -20
3176 -20
3177 -20
3178 0
3179 0
3180 0
3181 0
3182 0
3183 0
3184 0
3185 20
3186 20
3187 20
3188 20
3189 20
3190 20
3191 20
3192 -20
3193 -20
3194 -20
3195 -20
3196 -20
3197 -20
3198 -20
3199 0
3200 0
3201 0
3202 0
3203 0
3204 0
3205 0
3206 20
3207 20
3208 20
3209 20
3210 20
3211 20
3212 20
3213 -20
3214 -20
3215 -20
3216 -20
3217 -20
3218 -20
3219 -20
3220 0
3221 0
3222 0
3223 0
3224 0
3225 0
3226 0
3227 20
3228 20
3229 20
3230 20
3231 20
3232 20
3233 20
3234 -20
3235 -20
3236 -20
3237 -20
3238 -20
3239 -20
3240 -20
3241 0
3242 0
3243 0
3244 0
3245 0
3246 0
3247 0
3248 20
3249 20
3250 20
3251 20
3252 20
3253 20
3254 20
3255 -20
3256 -20
3257 -20
3258 -20
3259 -20
3260 -20
3261 -20
3262 0
3263 0
3264 0
3265 0
3266 0
3267 0
3268 0
3269 20
3270 20
3271 20
3272 20
3273 20
3274 20
3275 20
3276 -20
3277 -20
3278 -20
3279 -20
3280 -20
3281 -20
3282 -20
3283 0
3284 0
3285 0
3286 0
3287 0
3288 0
3289 0
3290 20
3291 20
3292 20
3293 20
3294 20
3295 20
3296 20
3297 -20
3298 -20
3299 -20
3300 -20
3301 -20
3302 -20
3303 -20
3304 0
3305 0
3306 0
3307 0
3308 0
3309 0
3310 0
3311 20
3312 20
3313 20
3314 20
3315 20
3316 20
3317 20
3318 -20
3319 -20
3320 -20
3321 -20
3322 -20
3323 -20
3324 -20
3325 0
3326 0
3327 0
3328 0
3329 0
3330 0
3331 0
3332 20
3333 20
3334 20
3335 20
3336 20
3337 20
3338 20
3339 -20
3340 -20
3341 -20
3342 -20
3343 -20
3344 -20
3345 -20
3346 0
3347 0
3348 0
3349 0
3350 0
3351 0
3352 0
3353 20
3354 20
3355 20
3356 20
3357 20
3358 20
3359 20
3360 -20
3361 -20
3362 -20
3363 -20
3364 -20
3365 -20
3366 -20
3367 0
3368 0
3369 0
3370 0
3371 0
3372 0
3373 0
3374 20
3375 20
3376 20
3377 20
3378 20
3379 20
3380 20
3381 -20
3382 -20
3383 -20
3384 -20
3385 -20
3386 -20
3387 -20
3388 0
3389 0
3390 0
3391 0
3392 0
3393 0
3394 0
3395 20
3396 20
3397 20
3398 20
3399 20
3400 20
3401 20
3402 -20
3403 -20
3404 -20
3405 -20
3406 -20
3407 -20
3408 -20
3409 0
3410 0
3411 0
3412 0
3413 0
3414 0
3415 0
3416 20
3417 20
3418 20
3419 20
3420 20
3421 20
3422 20
3423 -20
3424 -20
3425 -20
3426 -20
3427 -20
3428 -20
3429 -20
3430 0
3431 0
3432 0
3433 0
3434 0
3435 0
3436 0
3437 20
3438 20
3439 20
3440 20
3441 20
3442 20
3443 20
3444 -20
3445 -20
3446 -20
3447 -20
3448 -20
3449 -20
3450 -20
3451 0
3452 0
3453 0
3454 0
3455 0
3456 0
3457 0
3458 20
3459 20
3460 20
3461 20
3462 20
3463 20
3464 20
3465 -20
3466 -20
3467 -20
3468 -20
3469 -20
3470 -20
3471 -20
3472 0
3473 0
3474 0
3475 0
3476 0
3477 0
3478 0
3479 20
3480 20
3481 20
3482 20
3483 20
3484 20
3485 20
3486 -20
3487 -20
3488 -20
3489 -20
3490 -20
3491 -20
3492 -20
3493 0
3494 0
3495 0
3496 0
3497 0
3498 0
3499 0
3500 20
3501 20
3502 20
3503 20
3504 20
3505 20
3506 20
3507 -20
3508 -20
3509 -20
3510 -20
3511 -20
3512 -20
3513 -20
3514 0
3515 0
3516 0
3517 0
3518 0
3519 0
3520 0
3521 20
3522 20
3523 20
3524 20
3525 20
3526 20
3527 20
3528 -20
3529 -20
3530 -20
3531 -20
3532 -20
3533 -20
3534 -20
3535 0
3536 0
3537 0
3538 0
3539 0
3540 0
3541 0
3542 20
3543 20
3544 20
3545 20
3546 20
3547 20
3548 20
3549 -20
3550 -20
3551 -20
3552 -20
3553 -20
3554 -20
3555 -20
3556 0
3557 0
3558 0
3559 0
3560 0
3561 0
3562 0
3563 20
3564 20
3565 20
3566 20
3567 20
3568 20
3569 20
3570 -20
3571 -20
3572 -20
3573 -20
3574 -20
3575 -20
3576 -20
3577 0
3578 0
3579 0
3580 0
3581 0
3582 0
3583 0
3584 20
3585 20
3586 20
3587 20
3588 20
3589 20
3590 20
3591 -20
3592 -20
3593 -20
3594 -20
3595 -20
3596 -20
3597 -20
3598 0
3599 0
3600 0
3601 0
3602 0
3603 0
3604 0
3605 20
3606 20
3607 20
3608 20
3609 20
3610 20
3611 20
3612 -20
3613 -20
3614 -20
3615 -20
3616 -20
3617 -20
3618 -20
3619 0
3620 0
3621 0
3622 0
3623 0
3624 0
3625 0
3626 20
3627 20
3628 20
3629 20
3630 20
3631 20
3632 20
3633 -20
3634 -20
3635 -20
3636 -20
3637 -20
3638 -20
3639 -20
3640 0
3641 0
3642 0
3643 0
3644 0
3645 0
3646 0
3647 20
3648 20
3649 20
3650 20
3651 20
3652 20
3653 20
3654 -20
3655 -20
3656 -20
3657 -20
3658 -20
3659 -20
3660 -20
3661 0
3662 0
3663 0
3664 0
3665 0
3666 0
3667 0
3668 20
3669 20
3670 20
3671 20
3672 20
3673 20
3674 20
3675 -20
3676 -20
3677 -20
3678 -20
3679 -20
3680 -20
3681 -20
3682 0
3683 0
3684 0
3685 0
3686 0
3687 0
3688 0
3689 20
3690 20
3691 20
3692 20
3693 20
3694 20
3695 20
3696 -20
3697 -20
3698 -20
3699 -20
3700 -20
3701 -20
3702 -20
3703 0
3704 0
3705 0
3706 0
3707 0
3708 0
3709 0
3710 20
3711 20
3712 20
3713 20
3714 20
3715 20
3716 20
3717 -20
3718 -20
3719 -20
3720 -20
3721 -20
3722 -20
3723 -20
3724 0
3725 0
3726 0
3727 0
3728 0
3729 0
3730 0
3731 20
3732 20
3733 20
3734 20
3735 20
3736 20
3737 20
3738 -20
3739 -20
3740 -20
3741 -20
3742 -20
3743 -20
3744 -20
3745 0
3746 0
3747 0
3748 0
3749 0
3750 0
3751 0
3752 20
3753 20
3754 20
3755 20
3756 20
3757 20
3758 20
3759 -20
3760 -20
3761 -20
3762 -20
3763 -20
3764 -20
3765 -20
3766 0
3767 0
3768 0
3769 0
3770 0
3771 0
3772 0
3773 20
3774 20
3775 20
3776 20
3777 20
3778 20
3779 20
3780 -20
3781 -20
3782 -20
3783 -20
3784 -20
3785 -20
3786 -20
3787 0
3788 0
3789 0
3790 0
3791 0
3792 0
3793 0
3794 20
3795 20
3796 20
3797 20
3798 20
3799 20
3800 20
3801 -20
3802 -20
3803 -20
3804 -20
3805 -20
3806 -20
3807 -20
3808 0
3809 0
3810 0
3811 0
3812 0
3813 0
3814 0
3815 20
3816 20
3817 20
3818 20
3819 20
3820 20
3821 20
3822 -20
3823 -20
3824 -20
3825 -20
3826 -20
3827 -20
3828 -20
3829 0
3830 0
3831 0
3832 0
3833 0
3834 0
3835 0
3836 20
3837 20
3838 20
3839 20
3840 20
3841 20
3842 20
3843 -20
3844 -20
3845 -20
3846 -20
3847 -20
3848 -20
3849 -20
3850 0
3851 0
3852 0
3853 0
3854 0
3855 0
3856 0
3857 20
3858 20
3859 20
3860 20
3861 20
3862 20
3863 20
3864 -20
3865 -20
3866 -20
3867 -20
3868 -20
3869 -20
3870 -20
3871 0
3872 0
3873 0
3874 0
3875 0
3876 0
3877 0
3878 20
3879 20
3880 20
3881 20
3882 20
3883 20
3884 20
3885 -20
3886 -20
3887 -20
3888 -20
3889 -20
3890 -20
3891 -20
3892 0
3893 0
3894 0
3895 0
3896 0
3897 0
3898 0
3899 20
3900 20
3901 20
3902 20
3903 20
3904 20
3905 20
3906 -20
3907 -20
3908 -20
3909 -20
3910 -20
3911 -20
3912 -20
3913 0
3914 0
3915 0
3916 0
3917 0
3918 0
3919 0
3920 20
3921 20
3922 20
3923 20
3924 20
3925 20
3926 20
3927 -20
3928 -20
3929 -20
3930 -20
3931 -20
3932 -20
3933 -20
3934 0
3935 0
3936 0
3937 0
3938 0
3939 0
3940 0
3941 20
3942 20
3943 20
3944 20
3945 20
3946 20
3947 20
3948 -20
3949 -20
3950 -20
3951 -20
3952 -20
3953 -20
3954 -20
3955 0
3956 0
3957 0
3958 0
3959 0
3960 0
3961 0
3962 20
3963 20
3964 20
3965 20
3966 20
3967 20
3968 20
3969 -20
3970 -20
3971 -20
3972 -20
3973 -20
3974 -20
3975 -20
3976 0
3977 0
3978 0
3979 0
3980 0
3981 0
3982 0
3983 20
3984 20
3985 20
3986 20
3987 20
3988 20
3989 20
3990 -20
3991 -20
3992 -20
3993 -20
3994 -20
3995 -20
3996 -20
3997 0
3998 0
3999 0
4000 0
4001 0
4002 0
4003 0
4004 20
4005 20
4006 20
4007 20
4008 20
4009 20
4010 20
4011 -20
4012 -20
4013 -20
4014 -20
4015 -20
4016 -20
4017 -20
4018 0
4019 0
4020 0
4021 0
4022 0
4023 0
4024 0
4025 20
4026 20
4027 20
4028 20
4029 20
4030 20
4031 20
4032 -20
4033 -20
4034 -20
4035 -20
4036 -20
4037 -20
4038 -20
4039 0
4040 0
4041 0
4042 0
4043 0
4044 0
4045 0
4046 20
4047 20
4048 20
4049 20
4050 20
4051 20
4052 20
4053 -20
4054 -20
4055 -20
4056 -20
4057 -20
4058 -20
4059 -20
4060 0
4061 0
4062 0
4063 0
4064 0
4065 0
4066 0
4067 20
4068 20
4069 20
4070 20
4071 20
4072 20
4073 20
4074 -20
4075 -20
4076 -20
4077 -20
4078 -20
4079 -20
4080 -20
4081 0
4082 0
4083 0
4084 0
4085 0
4086 0
4087 0
4088 20
4089 20
4090 20
4091 20
4092 20
4093 20
4094 20
4095 -20
4096 -20
4097 -20
4098 -20
4099 -20
4100 -20
4101 -20
4102 0
4103 0
4104 0
4105 0
4106 0
4107 0
4108 0
4109 20
4110 20
4111 20
4112 20
4113 20
4114 20
4115 20
4116 -20
4117 -20
4118 -20
4119 -20
4120 -20
4121 -20
4122 -20
4123 0
4124 0
4125 0
4126 0
4127 0
4128 0
4129 0
4130 20
4131 20
4132 20
4133 20
4134 20
4135 20
4136 20
4137 -20
4138 -20
4139 -20
4140 -20
4141 -20
4142 -20
4143 -20
4144 0
4145 0
4146 0
4147 0
4148 0
4149 0
4150 0
4151 20
4152 20
4153 20
4154 20
4155 20
4156 20
4157 20
4158 -20
4159 -20
4160 -20
4161 -20
4162 -20
4163 -20
4164 -20
4165 0
4166 0
4167 0
4168 0
4169 0
4170 0
4171 0
4172 20
4173 20
4174 20
4175 20
4176 20
4177 20
4178 20
4179 -20
4180 -20
4181 -20
4182 -20
4183 -20
4184 -20
4185 -20
4186 0
4187 0
4188 0
4189 0
4190 0
4191 0
4192 0
4193 20
4194 20
4195 20
4196 20
4197 20
4198 20
4199 20
4200 -20
4201 -20
4202 -20
4203 -20
4204 -20
4205 -20
4206 -20
4207 0
4208 0
4209 0
4210 0
4211 0
4212 0
4213 0
4214 20
4215 20
4216 20
4217 20
4218 20
4219 20
4220 20
4221 -20
4222 -20
4223 -20
4224 -20
4225 -20
4226 -20
4227 -20
4228 0
4229 0
4230 0
4231 0
4232 0
4233 0
4234 0
4235 20
4236 20
4237 20
4238 20
4239 20
4240 20
4241 20
4242 -20
4243 -20
4244 -20
4245 -20
4246 -20
4247 -20
4248 -20
4249 0
4250 0
4251 0
4252 0
4253 0
4254 0
4255 0
4256 20
4257 20
4258 20
4259 20
4260 20
4261 20
4262 20
4263 -20
4264 -20
4265 -20
4266 -20
4267 -20
4268 -20
4269 -20
4270 0
4271 0
4272 0
4273 0
4274 0
4275 0
4276 0
4277 20
4278 20
4279 20
4280 20
4281 20
4282 20
4283 20
4284 -20
4285 -20
4286 -20
4287 -20
4288 -20
4289 -20
4290 -20
4291 0
4292 0
4293 0
4294 0
4295 0
4296 0
4297 0
4298 20
4299 20
4300 20
4301 20
4302 20
4303 20
4304 20
4305 -20
4306 -20
4307 -20
4308 -20
4309 -20
4310 -20
4311 -20
4312 0
4313 0
4314 0
4315 0
4316 0
4317 0
4318 0
4319 20
4320 20
4321 20
4322 20
4323 20
4324 20
4325 20
4326 -20
4327 -20
4328 -20
4329 -20
4330 -20
4331 -20
4332 -20
4333 0
4334 0
4335 0
4336 0
4337 0
4338 0
4339 0
4340 20
4341 20
4342 20
4343 20
4344 20
4345 20
4346 20
4347 -20
4348 -20
4349 -20
4350 -20
4351 -20
4352 -20
4353 -20
4354 0
4355 0
4356 0
4357 0
4358 0
4359 0
4360 0
4361 20
4362 20
4363 20
4364 20
4365 20
4366 20
4367 20
4368 -20
4369 -20
4370 -20
4371 -20
4372 -20
4373 -20
4374 -20
4375 0
4376 0
4377 0
4378 0
4379 0
4380 0
4381 0
4382 20
4383 20
4384 20
4385 20
4386 20
4387 20
4388 20
4389 -20
4390 -20
4391 -20
4392 -20
4393 -20
4394 -20
4395 -20
4396 0
4397 0
4398 0
4399 0
4400 0
4401 0
4402 0
4403 20
4404 20
4405 20
4406 20
4407 20
4408 20
4409 20
4410 -20
4411 -20
4412 -20
4413 -20
4414 -20
4415 -20
4416 -20
4417 0
4418 0
4419 0
4420 0
4421 0
4422 0
4423 0
4424 20
4425 20
4426 20
4427 20
4428 20
4429 20
4430 20
4431 -20
4432 -20
4433 -20
4434 -20
4435 -20
4436 -20
4437 -20
4438 0
4439 0
4440 0
4441 0
4442 0
4443 0
4444 0
4445 20
4446 20
4447 20
4448 20
4449 20
4450 20
4451 20
4452 -20
4453 -20
4454 -20
4455 -20
4456 -20
4457 -20
4458 -20
4459 0
4460 0
4461 0
4462 0
4463 0
4464 0
4465 0
4466 20
4467 20
4468 20
4469 20
4470 20
4471 20
4472 20
4473 -20
4474 -20
4475 -20
4476 -20
4477 -20
4478 -20
4479 -20
4480 0
4481 0
4482 0
4483 0
4484 0
4485 0
4486 0
4487 20
4488 20
4489 20
4490 20
4491 20
4492 20
4493 20
4494 -20
4495 -20
4496 -20
4497 -20
4498 -20
4499 -20
4500 -20
4501 0
4502 0
4503 0
4504 0
4505 0
4506 0
4507 0
4508 20
4509 20
4510 20
4511 20
4512 20
4513 20
4514 20
4515 -20
4516 -20
4517 -20
4518 -20
4519 -20
4520 -20
4521 -20
4522 0
4523 0
4524 0
4525 0
4526 0
4527 0
4528 0
4529 20
4530 20
4531 20
4532 20
4533 20
4534 20
4535 20
4536 -20
4537 -20
4538 -20
4539 -20
4540 -20
4541 -20
4542 -20
4543 0
4544 0
4545 0
4546 0
4547 0
4548 0
4549 0
4550 20
4551 20
4552 20
4553 20
4554 20
4555 20
4556 20
4557 -20
4558 -20
4559 -20
4560 -20
4561 -20
4562 -20
4563 -20
4564 0
4565 0
4566 0
4567 0
4568 0
4569 0
4570 0
4571 20
4572 20
4573 20
4574 20
4575 20
4576 20
4577 20
4578 -20
4579 -20
4580 -20
4581 -20
4582 -20
4583 -20
4584 -20
4585 0
4586 0
4587 0
4588 0
4589 0
4590 0
4591 0
4592 20
4593 20
4594 20
4595 20
4596 20
4597 20
4598 20
4599 -20
4600 -20
4601 -20
4602 -20
4603 -20
4604 -20
4605 -20
4606 0
4607 0
4608 0
4609 0
4610 0
4611 0
4612 0
4613 20
4614 20
4615 20
4616 20
4617 20
4618 20
4619 20
4620 -20
4621 -20
4622 -20
4623 -20
4624 -20
4625 -20
4626 -20
4627 0
4628 0
4629 0
4630 0
4631 0
4632 0
4633 0
4634 20
4635 20
4636 20
4637 20
4638 20
4639 20
4640 20
4641 -20
4642 -20
4643 -20
4644 -20
4645 -20
4646 -20
4647 -20
4648 0
4649 0
4650 0
4651 0
4652 0
4653 0
4654 0
4655 20
4656 20
4657 20
4658 20
4659 20
4660 20
4661 20
4662 -20
4663 -20
4664 -20
4665 -20
4666 -20
4667 -20
4668 -20
4669 0
4670 0
4671 0
4672 0
4673 0
4674 0
4675 0
4676 20
4677 20
4678 20
4679 20
4680 20
4681 20
4682 20
4683 -20
4684 -20
4685 -20
4686 -20
4687 -20
4688 -20
4689 -20
4690 0
4691 0
4692 0
4693 0
4694 0
4695 0
4696 0
4697 20
4698 20
4699 20
4700 20
4701 20
4702 20
4703 20
4704 -20
4705 -20
4706 -20
4707 -20
4708 -20
4709 -20
4710 -20
4711 0
4712 0
4713 0
4714 0
4715 0
4716 0
4717 0
4718 20
4719 20
4720 20
4721 20
4722 20
4723 20
4724 20
