# Table format: 5D
# Created from Example.xlsx (sheet FADEC_FLOW_Demand)
# Value: Mdot_corrected_kg_s
# X1: FlightStage
# X2: Altitude_m
# X3: Mach
# X4: ISA_dT_C
# X5: N_HP_corrected_pct
# table_unit = kg/s
9
5
5
3
7
1 2 3 4 5 6 7 8 9
0 3000 6000 9000 12000
0 0.3 0.6 0.9 1.2
-20 0 20
50 60 70 80 90 100 105

0.123363 0.139449 0.256069 0.219877 0.183684 0.155534 0.14347 0.131406 0.280197
0.122936 0.138921 0.254812 0.218846 0.18288 0.154906 0.142917 0.130929 0.27879
0.122509 0.138393 0.253556 0.217816 0.182076 0.154278 0.142364 0.130451 0.277382
0.122082 0.137866 0.252299 0.216785 0.181271 0.153649 0.141812 0.129974 0.275975
0.121654 0.137338 0.251042 0.215755 0.180467 0.153021 0.141259 0.129496 0.274567

0.124565 0.140934 0.259604 0.222775 0.185946 0.157302 0.145026 0.132749 0.284156
0.12413 0.140396 0.258325 0.221726 0.185128 0.156662 0.144463 0.132263 0.282724
0.123696 0.139859 0.257046 0.220678 0.18431 0.156023 0.1439 0.131778 0.281292
0.123261 0.139322 0.255767 0.219629 0.183491 0.155384 0.143338 0.131292 0.27986
0.122826 0.138785 0.254489 0.218581 0.182673 0.154744 0.142775 0.130806 0.278427

0.125915 0.142601 0.263573 0.22603 0.188487 0.159286 0.146772 0.134258 0.288602
0.125472 0.142053 0.262269 0.224961 0.187652 0.158635 0.146198 0.133762 0.287142
0.125028 0.141506 0.260966 0.223892 0.186818 0.157983 0.145625 0.133267 0.285682
0.124585 0.140958 0.259662 0.222823 0.185984 0.157331 0.145051 0.132772 0.284222
0.124142 0.140411 0.258359 0.221754 0.185149 0.156679 0.144478 0.132276 0.282762

0.127412 0.14445 0.267976 0.229641 0.191305 0.161488 0.14871 0.135931 0.293533
0.126959 0.143891 0.266645 0.228549 0.190453 0.160823 0.148124 0.135425 0.292043
0.126507 0.143332 0.265314 0.227458 0.189601 0.160157 0.147538 0.134919 0.290552
0.126054 0.142773 0.263983 0.226366 0.188749 0.159491 0.146953 0.134414 0.289061
0.125602 0.142214 0.262652 0.225275 0.187897 0.158826 0.146367 0.133908 0.28757

0.129057 0.146482 0.272814 0.233607 0.194401 0.163907 0.150838 0.137769 0.298952
0.128594 0.14591 0.271453 0.232491 0.19353 0.163226 0.150239 0.137252 0.297427
0.128131 0.145338 0.270091 0.231375 0.192658 0.162546 0.14964 0.136735 0.295902
0.127668 0.144767 0.26873 0.230259 0.191787 0.161865 0.149041 0.136217 0.294378
0.127205 0.144195 0.267369 0.229142 0.190916 0.161184 0.148442 0.1357 0.292853

0.125478 0.142061 0.262288 0.224976 0.187664 0.158644 0.146207 0.133769 0.287162
0.125037 0.141517 0.260992 0.223913 0.186835 0.157996 0.145637 0.133277 0.285711
0.124597 0.140973 0.259697 0.222851 0.186006 0.157348 0.145066 0.132785 0.28426
0.124156 0.140428 0.258401 0.221789 0.185177 0.1567 0.144496 0.132292 0.282809
0.123716 0.139884 0.257105 0.220726 0.184347 0.156053 0.143926 0.1318 0.281358

0.126717 0.143591 0.265932 0.227964 0.189996 0.160466 0.14781 0.135154 0.291244
0.126269 0.143038 0.264613 0.226883 0.189153 0.159807 0.14723 0.134653 0.289767
0.12582 0.142484 0.263295 0.225802 0.188309 0.159148 0.14665 0.134152 0.28829
0.125372 0.14193 0.261977 0.224721 0.187465 0.158488 0.14607 0.133651 0.286814
0.124924 0.141377 0.260658 0.22364 0.186621 0.157829 0.14549 0.13315 0.285337

0.128108 0.14531 0.270024 0.231319 0.192615 0.162512 0.14961 0.136709 0.295826
0.127651 0.144745 0.26868 0.230217 0.191755 0.16184 0.149019 0.136198 0.294321
0.127194 0.144181 0.267336 0.229115 0.190895 0.161168 0.148428 0.135688 0.292816
0.126737 0.143617 0.265992 0.228013 0.190035 0.160496 0.147836 0.135177 0.291311
0.12628 0.143052 0.264648 0.226911 0.189175 0.159824 0.147245 0.134666 0.289806

0.129651 0.147217 0.274563 0.235042 0.19552 0.164782 0.151608 0.138434 0.300911
0.129185 0.14664 0.273191 0.233917 0.194642 0.164095 0.151004 0.137913 0.299374
0.128718 0.146064 0.271819 0.232791 0.193764 0.163409 0.1504 0.137391 0.297837
0.128252 0.145487 0.270446 0.231666 0.192886 0.162723 0.149796 0.13687 0.2963
0.127785 0.144911 0.269074 0.230541 0.192007 0.162037 0.149193 0.136348 0.294763

0.131347 0.149311 0.279551 0.239131 0.198712 0.167275 0.153802 0.140329 0.306497
0.13087 0.148722 0.278147 0.237981 0.197814 0.166574 0.153185 0.139796 0.304925
0.130393 0.148132 0.276744 0.23683 0.196916 0.165872 0.152567 0.139263 0.303353
0.129916 0.147543 0.27534 0.235679 0.196018 0.16517 0.15195 0.138729 0.301781
0.129438 0.146953 0.273937 0.234528 0.19512 0.164468 0.151332 0.138196 0.300209

0.127592 0.144673 0.268506 0.230075 0.191644 0.161753 0.148943 0.136132 0.294127
0.127138 0.144112 0.267172 0.228981 0.19079 0.161086 0.148356 0.135625 0.292632
0.126685 0.143552 0.265837 0.227887 0.189936 0.160419 0.147768 0.135118 0.291138
0.126231 0.142991 0.264503 0.226792 0.189082 0.159751 0.147181 0.134611 0.289643
0.125777 0.142431 0.263169 0.225698 0.188228 0.159084 0.146594 0.134104 0.288149

0.128868 0.146249 0.27226 0.233153 0.194046 0.16363 0.150594 0.137559 0.298331
0.128407 0.145679 0.270902 0.232039 0.193177 0.162951 0.149997 0.137043 0.29681
0.127945 0.145108 0.269544 0.230926 0.192308 0.162272 0.149399 0.136527 0.295289
0.127483 0.144538 0.268186 0.229813 0.191439 0.161593 0.148802 0.136011 0.293768
0.127022 0.143968 0.266828 0.228699 0.19057 0.160914 0.148204 0.135495 0.292248

0.130301 0.148019 0.276474 0.236609 0.196744 0.165737 0.152449 0.13916 0.303051
0.129831 0.147438 0.27509 0.235474 0.195858 0.165045 0.15184 0.138634 0.301501
0.12936 0.146856 0.273706 0.234339 0.194972 0.164353 0.151231 0.138108 0.299951
0.128889 0.146275 0.272322 0.233204 0.194086 0.163661 0.150622 0.137582 0.2984
0.128419 0.145694 0.270937 0.232069 0.1932 0.162969 0.150012 0.137056 0.29685

0.131891 0.149983 0.28115 0.240443 0.199736 0.168075 0.154506 0.140937 0.308288
0.13141 0.149389 0.279737 0.239284 0.198831 0.167368 0.153884 0.1404 0.306705
0.13093 0.148796 0.278323 0.238125 0.197927 0.166662 0.153262 0.139863 0.305122
0.130449 0.148202 0.27691 0.236966 0.197022 0.165955 0.15264 0.139326 0.303539
0.129969 0.147608 0.275496 0.235807 0.196118 0.165248 0.152018 0.138789 0.301956

0.133638 0.152141 0.286287 0.244655 0.203024 0.170644 0.156766 0.142889 0.314041
0.133146 0.151533 0.284841 0.24347 0.202099 0.169921 0.15613 0.14234 0.312422
0.132655 0.150926 0.283396 0.242285 0.201173 0.169198 0.155494 0.14179 0.310803
0.132163 0.150319 0.28195 0.241099 0.200248 0.168475 0.154858 0.141241 0.309184
0.131672 0.149712 0.280505 0.239914 0.199323 0.167752 0.154222 0.140692 0.307565

0.156173 0.179978 0.352567 0.299005 0.245443 0.203783 0.185929 0.168075 0.388275
0.15554 0.179197 0.350707 0.29748 0.244253 0.202854 0.185111 0.167369 0.386192
0.154908 0.178416 0.348847 0.295955 0.243062 0.201924 0.184293 0.166662 0.384109
0.154276 0.177635 0.346988 0.29443 0.241872 0.200994 0.183475 0.165955 0.382026
0.153643 0.176854 0.345128 0.292905 0.240682 0.200064 0.182656 0.165249 0.379943

0.157951 0.182175 0.357798 0.303295 0.248791 0.206399 0.188231 0.170063 0.394134
0.157308 0.18138 0.355906 0.301743 0.24758 0.205453 0.187399 0.169344 0.392014
0.156665 0.180586 0.354013 0.300191 0.246368 0.204507 0.186566 0.168625 0.389895
0.156021 0.179791 0.352121 0.298639 0.245157 0.20356 0.185733 0.167906 0.387775
0.155378 0.178996 0.350228 0.297087 0.243946 0.202614 0.1849 0.167187 0.385656

0.159949 0.184642 0.363672 0.308111 0.25255 0.209336 0.190816 0.172295 0.400713
0.159293 0.183832 0.361743 0.306529 0.251316 0.208371 0.189967 0.171562 0.398552
0.158637 0.183022 0.359814 0.304947 0.250081 0.207407 0.189118 0.170829 0.396391
0.157981 0.182212 0.357885 0.303365 0.248846 0.206442 0.188269 0.170096 0.394231
0.157325 0.181401 0.355955 0.301783 0.247611 0.205478 0.18742 0.169363 0.39207

0.162164 0.187379 0.370189 0.313455 0.256721 0.212594 0.193683 0.174772 0.408012
0.161494 0.186552 0.368219 0.31184 0.25546 0.211609 0.192816 0.174023 0.405805
0.160825 0.185725 0.366249 0.310224 0.254199 0.210625 0.19195 0.173275 0.403599
0.160155 0.184897 0.364279 0.308609 0.252939 0.20964 0.191083 0.172526 0.401393
0.159485 0.18407 0.362309 0.306994 0.251678 0.208655 0.190216 0.171777 0.399186

0.164598 0.190386 0.377348 0.319326 0.261303 0.216174 0.196833 0.177492 0.41603
0.163913 0.18954 0.375334 0.317674 0.260014 0.215167 0.195947 0.176727 0.413774
0.163228 0.188694 0.373319 0.316022 0.258724 0.21416 0.19506 0.175961 0.411517
0.162543 0.187848 0.371304 0.31437 0.257435 0.213152 0.194174 0.175196 0.409261
0.161858 0.187002 0.36929 0.312718 0.256145 0.212145 0.193287 0.17443 0.407004

0.159302 0.183843 0.36177 0.306551 0.251333 0.208385 0.189979 0.171573 0.398583
0.15865 0.183038 0.359853 0.304979 0.250106 0.207426 0.189135 0.170844 0.396435
0.157998 0.182233 0.357935 0.303407 0.248879 0.206468 0.188292 0.170115 0.394288
0.157346 0.181428 0.356018 0.301835 0.247652 0.205509 0.187448 0.169387 0.39214
0.156694 0.180622 0.354101 0.300263 0.246425 0.20455 0.186604 0.168658 0.389993

0.161135 0.186109 0.367163 0.310974 0.254784 0.211082 0.192352 0.173622 0.404623
0.160472 0.185289 0.365212 0.309374 0.253536 0.210106 0.191493 0.172881 0.402438
0.159809 0.18447 0.363261 0.307774 0.252287 0.209131 0.190635 0.172139 0.400252
0.159145 0.18365 0.36131 0.306174 0.251038 0.208155 0.189776 0.171398 0.398067
0.158482 0.182831 0.359359 0.304574 0.24979 0.20718 0.188918 0.170656 0.395882

0.163194 0.188652 0.373219 0.315939 0.25866 0.214109 0.195016 0.175923 0.411405
0.162518 0.187817 0.37123 0.314309 0.257387 0.213115 0.194141 0.175167 0.409177
0.161842 0.186981 0.369241 0.312678 0.256114 0.212121 0.193266 0.174412 0.40695
0.161166 0.186146 0.367252 0.311047 0.254841 0.211126 0.192391 0.173656 0.404722
0.16049 0.185311 0.365263 0.309416 0.253569 0.210132 0.191516 0.1729 0.402495

0.165479 0.191474 0.379937 0.321448 0.26296 0.217469 0.197972 0.178476 0.418929
0.164788 0.190621 0.377906 0.319783 0.26166 0.216453 0.197079 0.177704 0.416655
0.164098 0.189768 0.375875 0.318118 0.26036 0.215438 0.196185 0.176933 0.41438
0.163407 0.188915 0.373844 0.316452 0.25906 0.214422 0.195292 0.176161 0.412106
0.162717 0.188062 0.371814 0.314787 0.257761 0.213407 0.194398 0.175389 0.409831

0.167988 0.194574 0.387318 0.327501 0.267683 0.221159 0.20122 0.181281 0.427196
0.167282 0.193701 0.385241 0.325798 0.266354 0.22012 0.200306 0.180492 0.42487
0.166576 0.192829 0.383164 0.324094 0.265025 0.219082 0.199392 0.179702 0.422544
0.16587 0.191957 0.381087 0.322391 0.263696 0.218043 0.198478 0.178913 0.420217
0.165163 0.191084 0.37901 0.320688 0.262366 0.217005 0.197564 0.178124 0.417891

0.162431 0.187709 0.370973 0.314098 0.257223 0.212987 0.194028 0.17507 0.40889
0.161759 0.186879 0.368998 0.312479 0.255959 0.211999 0.193159 0.174319 0.406678
0.161088 0.18605 0.367024 0.310859 0.254695 0.211012 0.19229 0.173569 0.404466
0.160417 0.18522 0.365049 0.30924 0.253431 0.210024 0.191421 0.172819 0.402255
0.159745 0.184391 0.363074 0.307621 0.252167 0.209037 0.190553 0.172068 0.400043

0.16432 0.190042 0.376528 0.318653 0.260778 0.215764 0.196472 0.177181 0.415111
0.163636 0.189198 0.374518 0.317005 0.259492 0.214759 0.195588 0.176417 0.412861
0.162953 0.188354 0.372509 0.315357 0.258206 0.213754 0.194704 0.175653 0.41061
0.16227 0.18751 0.370499 0.313709 0.25692 0.21275 0.19382 0.17489 0.408359
0.161587 0.186666 0.36849 0.312062 0.255633 0.211745 0.192936 0.174126 0.406109

0.16644 0.192661 0.382765 0.323768 0.26477 0.218883 0.199217 0.179551 0.422097
0.165744 0.191801 0.380717 0.322088 0.263459 0.217858 0.198315 0.178772 0.419803
0.165047 0.190941 0.378668 0.320408 0.262148 0.216834 0.197414 0.177994 0.417508
0.164351 0.19008 0.37662 0.318728 0.260837 0.21581 0.196513 0.177215 0.415214
0.163654 0.18922 0.374571 0.317048 0.259526 0.214786 0.195611 0.176437 0.41292

0.168793 0.195568 0.389685 0.329442 0.269198 0.222343 0.202261 0.18218 0.429847
0.168082 0.194689 0.387593 0.327727 0.26786 0.221297 0.201341 0.181385 0.427505
0.167371 0.193811 0.385502 0.326011 0.266521 0.220251 0.200421 0.180591 0.425162
0.166659 0.192932 0.38341 0.324296 0.265182 0.219205 0.1995 0.179796 0.422819
0.165948 0.192054 0.381318 0.322581 0.263844 0.218159 0.19858 0.179001 0.420476

0.171378 0.198761 0.397287 0.335676 0.274064 0.226144 0.205606 0.185069 0.438362
0.17065 0.197862 0.395148 0.333921 0.272695 0.225074 0.204665 0.184256 0.435966
0.169923 0.196964 0.393009 0.332167 0.271326 0.224004 0.203724 0.183443 0.43357
0.169196 0.196065 0.39087 0.330413 0.269957 0.222935 0.202783 0.18263 0.431174
0.168468 0.195167 0.38873 0.328659 0.268587 0.221865 0.201841 0.181817 0.428778

0.195929 0.229088 0.469496 0.394887 0.320277 0.262248 0.237378 0.212508 0.519236
0.195048 0.228 0.466905 0.392762 0.318619 0.260953 0.236238 0.211524 0.516334
0.194167 0.226912 0.464315 0.390638 0.316961 0.259657 0.235099 0.21054 0.513433
0.193286 0.225824 0.461724 0.388514 0.315303 0.258362 0.233959 0.209555 0.510531
0.192405 0.224736 0.459134 0.38639 0.313646 0.257067 0.232819 0.208571 0.50763

0.198406 0.232149 0.476783 0.400862 0.324941 0.265891 0.240584 0.215277 0.527397
0.19751 0.231042 0.474147 0.3987 0.323254 0.264573 0.239425 0.214276 0.524444
0.196614 0.229934 0.471511 0.396539 0.321567 0.263255 0.238265 0.213274 0.521492
0.195717 0.228827 0.468874 0.394377 0.31988 0.261937 0.237105 0.212272 0.518539
0.194821 0.22772 0.466238 0.392215 0.318192 0.260619 0.235945 0.211271 0.515587

0.201188 0.235585 0.484965 0.407571 0.330178 0.269982 0.244185 0.218387 0.536561
0.200274 0.234457 0.482278 0.405368 0.328458 0.268639 0.243002 0.217366 0.533551
0.199361 0.233328 0.47959 0.403164 0.326738 0.267295 0.24182 0.216344 0.530541
0.198447 0.232199 0.476903 0.400961 0.325018 0.265952 0.240637 0.215323 0.527532
0.197533 0.231071 0.474216 0.398757 0.323298 0.264608 0.239455 0.214302 0.524522

0.204274 0.239398 0.494042 0.415015 0.335987 0.274521 0.248179 0.221836 0.546728
0.203341 0.238245 0.491298 0.412765 0.334231 0.273149 0.246971 0.220793 0.543654
0.202409 0.237093 0.488554 0.410515 0.332475 0.271777 0.245764 0.219751 0.540581
0.201476 0.23594 0.48581 0.408265 0.330719 0.270405 0.244557 0.218708 0.537508
0.200543 0.234788 0.483066 0.406014 0.328962 0.269033 0.243349 0.217665 0.534434

0.207665 0.243586 0.504015 0.423192 0.34237 0.279508 0.252567 0.225626 0.557897
0.206711 0.242408 0.501209 0.420891 0.340574 0.278104 0.251332 0.224559 0.554754
0.205757 0.241229 0.498403 0.41859 0.338778 0.276701 0.250097 0.223493 0.551611
0.204803 0.24005 0.495596 0.416289 0.336982 0.275298 0.248862 0.222427 0.548468
0.203849 0.238872 0.49279 0.413988 0.335186 0.273895 0.247628 0.22136 0.545325

0.200287 0.234472 0.482315 0.405399 0.328482 0.268658 0.243019 0.21738 0.533593
0.199379 0.233351 0.479645 0.403209 0.326773 0.267322 0.241844 0.216365 0.530602
0.198471 0.232229 0.476974 0.401019 0.325063 0.265987 0.240669 0.21535 0.527611
0.197563 0.231107 0.474303 0.398829 0.323354 0.264652 0.239493 0.214335 0.52462
0.196655 0.229986 0.471633 0.396639 0.321645 0.263316 0.238318 0.21332 0.521628

0.202841 0.237628 0.489828 0.411559 0.33329 0.272414 0.246324 0.220235 0.542007
0.201917 0.236486 0.48711 0.40933 0.33155 0.271055 0.245128 0.219202 0.538963
0.200993 0.235345 0.484392 0.407102 0.329811 0.269696 0.243933 0.218169 0.535919
0.200069 0.234203 0.481675 0.404873 0.328072 0.268337 0.242737 0.217136 0.532876
0.199145 0.233062 0.478957 0.402645 0.326332 0.266978 0.241541 0.216104 0.529832

0.205709 0.24117 0.498263 0.418476 0.338688 0.276631 0.250036 0.22344 0.551454
0.204767 0.240007 0.495492 0.416204 0.336915 0.275246 0.248817 0.222387 0.548352
0.203826 0.238843 0.492722 0.413932 0.335142 0.273861 0.247598 0.221334 0.545249
0.202884 0.23768 0.489952 0.41166 0.333369 0.272476 0.246379 0.220282 0.542146
0.201942 0.236516 0.487181 0.409389 0.331596 0.271091 0.24516 0.219229 0.539043

0.208891 0.245101 0.507621 0.426149 0.344677 0.281311 0.254153 0.226996 0.561936
0.207929 0.243913 0.504792 0.42383 0.342867 0.279896 0.252909 0.225921 0.558767
0.206968 0.242725 0.501963 0.42151 0.341057 0.278482 0.251664 0.224846 0.555599
0.206006 0.241536 0.499134 0.41919 0.339246 0.277067 0.250419 0.223771 0.552431
0.205044 0.240348 0.496306 0.416871 0.337436 0.275653 0.249174 0.222696 0.549262

0.212387 0.249419 0.517902 0.43458 0.351257 0.286451 0.258677 0.230903 0.573451
0.211403 0.248204 0.515009 0.432208 0.349406 0.285005 0.257404 0.229803 0.57021
0.210419 0.246989 0.512116 0.429835 0.347554 0.283558 0.256131 0.228704 0.56697
0.209436 0.245774 0.509223 0.427463 0.345703 0.282111 0.254858 0.227605 0.56373
0.208452 0.244558 0.50633 0.42509 0.343851 0.280665 0.253585 0.226505 0.560489

0.204646 0.239857 0.495135 0.415911 0.336686 0.275067 0.248659 0.222251 0.547951
0.203711 0.238701 0.492384 0.413655 0.334926 0.273692 0.247449 0.221206 0.54487
0.202775 0.237546 0.489633 0.411399 0.333165 0.272317 0.246239 0.220161 0.541789
0.20184 0.236391 0.486882 0.409144 0.331405 0.270941 0.245028 0.219115 0.538708
0.200905 0.235235 0.484132 0.406888 0.329644 0.269566 0.243818 0.21807 0.535627

0.207277 0.243106 0.502873 0.422255 0.341638 0.278936 0.252064 0.225192 0.556617
0.206325 0.241931 0.500073 0.41996 0.339847 0.277537 0.250832 0.224128 0.553482
0.205373 0.240755 0.497274 0.417665 0.338055 0.276137 0.249601 0.223064 0.550347
0.204421 0.239579 0.494475 0.415369 0.336264 0.274737 0.248369 0.222 0.547212
0.20347 0.238404 0.491676 0.413074 0.334472 0.273338 0.247137 0.220937 0.544077

0.210231 0.246756 0.511561 0.42938 0.347199 0.28328 0.255887 0.228493 0.566348
0.20926 0.245557 0.508707 0.42704 0.345373 0.281854 0.254631 0.227409 0.563152
0.20829 0.244359 0.505854 0.4247 0.343546 0.280427 0.253376 0.226324 0.559956
0.20732 0.24316 0.503 0.42236 0.34172 0.279 0.25212 0.22524 0.55676
0.20635 0.241962 0.500147 0.42002 0.339894 0.277573 0.250865 0.224156 0.553564

0.213508 0.250804 0.5212 0.437284 0.353368 0.2881 0.260128 0.232156 0.577144
0.212517 0.24958 0.518286 0.434894 0.351503 0.286643 0.258846 0.231049 0.57388
0.211527 0.248356 0.515372 0.432505 0.349638 0.285186 0.257564 0.229941 0.570617
0.210536 0.247133 0.512458 0.430116 0.347773 0.283729 0.256282 0.228834 0.567353
0.209545 0.245909 0.509545 0.427727 0.345909 0.282272 0.255 0.227727 0.56409

0.217108 0.255252 0.531789 0.445967 0.360145 0.293395 0.264787 0.23618 0.589004
0.216095 0.254 0.528809 0.443524 0.358238 0.291905 0.263476 0.235048 0.585667
0.215082 0.252748 0.52583 0.44108 0.356331 0.290415 0.262165 0.233915 0.582329
0.214069 0.251497 0.52285 0.438637 0.354424 0.288925 0.260854 0.232783 0.578992
0.213056 0.250245 0.51987 0.436193 0.352517 0.287435 0.259543 0.23165 0.575654

0.242794 0.286981 0.607336 0.507915 0.408495 0.331168 0.298028 0.264888 0.673616
0.24162 0.285531 0.603883 0.505084 0.406285 0.329442 0.296509 0.263576 0.66975
0.240447 0.284081 0.600431 0.502254 0.404076 0.327716 0.29499 0.262264 0.665883
0.239273 0.282631 0.596979 0.499423 0.401867 0.32599 0.293471 0.260952 0.662017
0.238099 0.281181 0.593527 0.496592 0.399657 0.324264 0.291952 0.25964 0.65815

0.246096 0.291059 0.617046 0.515877 0.414709 0.336023 0.3023 0.268577 0.684491
0.244901 0.289584 0.613533 0.512997 0.412461 0.334266 0.300754 0.267242 0.680557
0.243707 0.288108 0.61002 0.510116 0.410213 0.33251 0.299209 0.265908 0.676622
0.242512 0.286633 0.606507 0.507236 0.407965 0.330754 0.297663 0.264573 0.672688
0.241318 0.285158 0.602995 0.504356 0.405716 0.328997 0.296118 0.263238 0.668754

0.249803 0.295638 0.627949 0.524818 0.421687 0.341474 0.307097 0.272721 0.696703
0.248585 0.294134 0.624368 0.521882 0.419395 0.339684 0.305522 0.27136 0.692692
0.247368 0.29263 0.620787 0.518945 0.417104 0.337893 0.303946 0.269999 0.688681
0.24615 0.291127 0.617206 0.516009 0.414812 0.336103 0.302371 0.268638 0.684671
0.244933 0.289623 0.613625 0.513073 0.41252 0.334313 0.300795 0.267278 0.68066

0.253915 0.300719 0.640045 0.534737 0.429429 0.347522 0.31242 0.277317 0.71025
0.252672 0.299183 0.636388 0.531738 0.427089 0.345694 0.310811 0.275928 0.706155
0.251429 0.297647 0.632732 0.52874 0.424748 0.343866 0.309202 0.274538 0.70206
0.250186 0.296112 0.629075 0.525742 0.422408 0.342038 0.307593 0.273149 0.697964
0.248942 0.294576 0.625419 0.522743 0.420068 0.340209 0.305984 0.271759 0.693869

0.258434 0.3063 0.653334 0.545634 0.437934 0.354167 0.318267 0.282367 0.725134
0.257162 0.30473 0.649595 0.542568 0.43554 0.352297 0.316622 0.280946 0.720946
0.255891 0.303159 0.645855 0.539501 0.433147 0.350427 0.314976 0.279525 0.716758
0.254619 0.301588 0.642115 0.536435 0.430754 0.348558 0.313331 0.278104 0.712569
0.253348 0.300018 0.638376 0.533368 0.42836 0.346688 0.311685 0.276683 0.708381

0.248602 0.294156 0.624418 0.521923 0.419428 0.339709 0.305544 0.271379 0.692748
0.247392 0.292661 0.620859 0.519005 0.41715 0.33793 0.303978 0.270027 0.688762
0.246182 0.291166 0.6173 0.516086 0.414872 0.33615 0.302412 0.268674 0.684776
0.244972 0.289671 0.613742 0.513168 0.412595 0.334371 0.300846 0.267322 0.680791
0.243762 0.288177 0.610183 0.51025 0.410317 0.332591 0.29928 0.265969 0.676805

0.252006 0.29836 0.634429 0.530131 0.425834 0.344714 0.309949 0.275183 0.70396
0.250774 0.296839 0.630807 0.527162 0.423517 0.342904 0.308355 0.273807 0.699904
0.249543 0.295318 0.627186 0.524192 0.421199 0.341093 0.306762 0.272431 0.695848
0.248312 0.293797 0.623564 0.521223 0.418881 0.339282 0.305168 0.271054 0.691792
0.247081 0.292276 0.619943 0.518253 0.416563 0.337471 0.303575 0.269678 0.687736

0.255827 0.303081 0.645669 0.539348 0.433028 0.350334 0.314894 0.279454 0.716549
0.254572 0.30153 0.641977 0.536321 0.430665 0.348489 0.31327 0.278051 0.712414
0.253317 0.29998 0.638285 0.533294 0.428303 0.346643 0.311646 0.276648 0.70828
0.252062 0.298429 0.634594 0.530267 0.42594 0.344797 0.310021 0.275246 0.704145
0.250807 0.296879 0.630902 0.52724 0.423577 0.342951 0.308397 0.273843 0.70001

0.260067 0.308318 0.658139 0.549574 0.441009 0.35657 0.320381 0.284193 0.730516
0.258786 0.306735 0.654369 0.546483 0.438596 0.354685 0.318723 0.28276 0.726294
0.257504 0.305152 0.6506 0.543392 0.436184 0.3528 0.317064 0.281328 0.722072
0.256222 0.303569 0.64683 0.540301 0.433771 0.350915 0.315405 0.279895 0.71785
0.254941 0.301985 0.643061 0.53721 0.431359 0.34903 0.313747 0.278463 0.713628

0.264725 0.314072 0.671839 0.560808 0.449777 0.36342 0.326409 0.289399 0.74586
0.263415 0.312453 0.667984 0.557647 0.44731 0.361492 0.324713 0.287934 0.741542
0.262104 0.310834 0.664129 0.554486 0.444842 0.359564 0.323017 0.286469 0.737224
0.260793 0.309215 0.660274 0.551324 0.442375 0.357637 0.32132 0.285004 0.732906
0.259482 0.307596 0.656418 0.548163 0.439908 0.355709 0.319624 0.283539 0.728588

0.25441 0.30133 0.641501 0.535931 0.43036 0.34825 0.31306 0.27787 0.711881
0.253164 0.299791 0.637835 0.532925 0.428014 0.346418 0.311447 0.276477 0.707775
0.251918 0.298251 0.634169 0.529919 0.425668 0.344585 0.309835 0.275084 0.70367
0.250671 0.296712 0.630504 0.526913 0.423322 0.342752 0.308222 0.273691 0.699564
0.249425 0.295172 0.626838 0.523907 0.420976 0.340919 0.306609 0.272299 0.695459

0.257916 0.305661 0.651811 0.544385 0.436959 0.353406 0.317597 0.281788 0.723429
0.256648 0.304094 0.648081 0.541327 0.434572 0.351541 0.315956 0.280371 0.719251
0.255379 0.302528 0.644351 0.538268 0.432185 0.349676 0.314315 0.278953 0.715073
0.254111 0.300961 0.640621 0.535209 0.429798 0.347811 0.312673 0.277536 0.710896
0.252843 0.299394 0.636891 0.532151 0.42741 0.345946 0.311032 0.276119 0.706718

0.261852 0.310523 0.663389 0.553879 0.444369 0.359194 0.322691 0.286188 0.736396
0.260559 0.308926 0.659586 0.550761 0.441935 0.357293 0.321018 0.284743 0.732137
0.259267 0.307329 0.655784 0.547643 0.439502 0.355392 0.319345 0.283298 0.727878
0.257974 0.305732 0.651982 0.544525 0.437068 0.353491 0.317672 0.281853 0.723619
0.256681 0.304135 0.648179 0.541407 0.434635 0.35159 0.315999 0.280408 0.719361

0.266219 0.315918 0.676233 0.564411 0.452589 0.365617 0.328343 0.291069 0.750781
0.264899 0.314287 0.672351 0.561227 0.450104 0.363675 0.326634 0.289593 0.746433
0.263579 0.312656 0.668468 0.558044 0.447619 0.361734 0.324926 0.288118 0.742084
0.262259 0.311026 0.664585 0.55486 0.445134 0.359793 0.323217 0.286642 0.737735
0.260939 0.309395 0.660702 0.551676 0.44265 0.357851 0.321509 0.285167 0.733387

0.271017 0.321845 0.690344 0.575982 0.46162 0.372672 0.334552 0.296431 0.766586
0.269667 0.320177 0.686374 0.572726 0.459079 0.370687 0.332804 0.294922 0.762138
0.268317 0.318509 0.682403 0.56947 0.456538 0.368701 0.331057 0.293413 0.757691
0.266967 0.316841 0.678432 0.566214 0.453996 0.366716 0.32931 0.291904 0.753244
0.265617 0.315174 0.674461 0.562958 0.451455 0.36473 0.327563 0.290395 0.748796

0.296913 0.353834 0.76651 0.638438 0.510366 0.410755 0.368064 0.325374 0.851891
0.295401 0.351966 0.762063 0.634792 0.50752 0.408531 0.366108 0.323684 0.846911
0.293889 0.350099 0.757616 0.631145 0.504674 0.406308 0.364151 0.321994 0.84193
0.292377 0.348231 0.753169 0.627499 0.501828 0.404085 0.362194 0.320304 0.836949
0.290866 0.346363 0.748722 0.623852 0.498982 0.401861 0.360238 0.318614 0.831969

0.301166 0.359088 0.779018 0.648695 0.518372 0.417009 0.373568 0.330127 0.8659
0.299628 0.357187 0.774493 0.644984 0.515476 0.414747 0.371577 0.328407 0.860832
0.298089 0.355287 0.769968 0.641274 0.51258 0.412484 0.369586 0.326688 0.855764
0.296551 0.353386 0.765443 0.637563 0.509683 0.410221 0.367595 0.324968 0.850696
0.295012 0.351485 0.760918 0.633853 0.506787 0.407959 0.365604 0.323249 0.845628

0.305942 0.364987 0.793063 0.660212 0.527361 0.424032 0.379748 0.335464 0.881631
0.304373 0.363049 0.788451 0.656429 0.524408 0.421725 0.377718 0.333711 0.876465
0.302805 0.361112 0.783838 0.652647 0.521456 0.419419 0.375689 0.331958 0.871298
0.301236 0.359174 0.779225 0.648864 0.518504 0.417112 0.373659 0.330205 0.866132
0.299668 0.357237 0.774612 0.645082 0.515552 0.414806 0.371629 0.328453 0.860965

0.311239 0.371531 0.808646 0.672989 0.537333 0.431823 0.386604 0.341385 0.899083
0.309638 0.369553 0.803935 0.669127 0.534319 0.429468 0.384532 0.339595 0.893807
0.308036 0.367574 0.799225 0.665264 0.531304 0.427112 0.382459 0.337805 0.888532
0.306435 0.365596 0.794515 0.661402 0.528289 0.424757 0.380386 0.336016 0.883256
0.304833 0.363618 0.789804 0.65754 0.525275 0.422402 0.378314 0.334226 0.877981

0.31706 0.378721 0.825764 0.687027 0.548289 0.440382 0.394136 0.34789 0.918256
0.315422 0.376698 0.820947 0.683077 0.545206 0.437974 0.392017 0.34606 0.912861
0.313784 0.374675 0.81613 0.679127 0.542123 0.435565 0.389897 0.344229 0.907465
0.312146 0.372651 0.811313 0.675176 0.53904 0.433156 0.387778 0.342399 0.90207
0.310508 0.370628 0.806495 0.671226 0.535957 0.430748 0.385658 0.340568 0.896675

0.304395 0.363076 0.788515 0.656483 0.52445 0.421758 0.377747 0.333736 0.876537
0.302837 0.361151 0.783931 0.652723 0.521516 0.419465 0.37573 0.331994 0.871403
0.301278 0.359226 0.779346 0.648964 0.518582 0.417173 0.373712 0.330252 0.866268
0.299719 0.3573 0.774762 0.645205 0.515648 0.414881 0.371695 0.32851 0.861133
0.29816 0.355375 0.770177 0.641446 0.512714 0.412589 0.369678 0.326767 0.855999

0.30878 0.368492 0.801411 0.667057 0.532703 0.428205 0.383421 0.338636 0.89098
0.307193 0.366533 0.796746 0.663231 0.529717 0.425873 0.381368 0.336863 0.885755
0.305607 0.364574 0.79208 0.659406 0.526731 0.42354 0.379315 0.335091 0.88053
0.304021 0.362614 0.787415 0.655581 0.523746 0.421208 0.377263 0.333318 0.875305
0.302435 0.360655 0.78275 0.651755 0.52076 0.418875 0.37521 0.331545 0.87008

0.313703 0.374574 0.81589 0.67893 0.54197 0.435445 0.389792 0.344138 0.907197
0.312086 0.372577 0.811135 0.67503 0.538926 0.433067 0.387699 0.342331 0.901871
0.310469 0.370579 0.806379 0.671131 0.535883 0.43069 0.385607 0.340524 0.896545
0.308852 0.368582 0.801623 0.667231 0.532839 0.428312 0.383514 0.338717 0.891218
0.307235 0.366585 0.796868 0.663332 0.529795 0.425934 0.381422 0.33691 0.885892

0.319164 0.381321 0.831954 0.692102 0.552251 0.443477 0.39686 0.350243 0.925189
0.317513 0.379281 0.827098 0.688121 0.549143 0.441049 0.394723 0.348397 0.91975
0.315862 0.377242 0.822242 0.684139 0.546035 0.438621 0.392587 0.346552 0.914311
0.314211 0.375202 0.817386 0.680157 0.542927 0.436193 0.39045 0.344707 0.908873
0.31256 0.373163 0.81253 0.676175 0.539819 0.433765 0.388313 0.342862 0.903434

0.325165 0.388733 0.849603 0.706574 0.563546 0.452301 0.404625 0.356949 0.944955
0.323476 0.386647 0.844636 0.702502 0.560367 0.449818 0.40244 0.355062 0.939393
0.321788 0.384561 0.83967 0.698429 0.557189 0.447335 0.400255 0.353175 0.93383
0.320099 0.382476 0.834704 0.694357 0.55401 0.444852 0.39807 0.351287 0.928268
0.318411 0.38039 0.829737 0.690285 0.550832 0.442369 0.395884 0.3494 0.922706

0.311877 0.372319 0.810521 0.674527 0.538533 0.43276 0.387429 0.342098 0.901183
0.310272 0.370336 0.805799 0.670655 0.535511 0.430399 0.385351 0.340304 0.895895
0.308666 0.368352 0.801077 0.666783 0.532489 0.428038 0.383274 0.338509 0.890606
0.307061 0.366369 0.796355 0.662911 0.529467 0.425677 0.381196 0.336715 0.885317
0.305455 0.364386 0.791633 0.659039 0.526445 0.423316 0.379118 0.33492 0.880029

0.316393 0.377897 0.823803 0.685418 0.547034 0.439401 0.393273 0.347145 0.916059
0.314759 0.375879 0.818998 0.681478 0.543959 0.436999 0.391159 0.345319 0.910678
0.313126 0.373861 0.814193 0.677538 0.540883 0.434596 0.389045 0.343493 0.905296
0.311492 0.371843 0.809388 0.673598 0.537808 0.432194 0.386931 0.341667 0.899914
0.309858 0.369825 0.804583 0.669658 0.534733 0.429791 0.384816 0.339841 0.894533

0.321464 0.384161 0.838717 0.697648 0.556579 0.446858 0.399835 0.352812 0.932763
0.319798 0.382104 0.833819 0.693631 0.553444 0.444409 0.39768 0.350951 0.927277
0.318133 0.380047 0.82892 0.689615 0.550309 0.44196 0.395525 0.34909 0.921791
0.316468 0.377989 0.824022 0.685598 0.547174 0.439511 0.39337 0.347228 0.916305
0.314802 0.375932 0.819124 0.681582 0.544039 0.437062 0.391215 0.345367 0.910819

0.327089 0.39111 0.855263 0.711215 0.567168 0.455131 0.407116 0.3591 0.951294
0.325389 0.38901 0.850261 0.707114 0.563967 0.452631 0.404915 0.357199 0.945692
0.323688 0.386909 0.845259 0.703013 0.560766 0.45013 0.402714 0.355299 0.940091
0.321988 0.384808 0.840258 0.698911 0.557565 0.447629 0.400513 0.353398 0.934489
0.320287 0.382708 0.835256 0.69481 0.554364 0.445128 0.398313 0.351497 0.928887

0.33327 0.398745 0.873441 0.726121 0.578802 0.46422 0.415114 0.366007 0.971653
0.331531 0.396597 0.868325 0.721927 0.575528 0.461663 0.412863 0.364064 0.965924
0.329791 0.394448 0.86321 0.717732 0.572254 0.459105 0.410612 0.36212 0.960195
0.328052 0.3923 0.858095 0.713538 0.568981 0.456547 0.408362 0.360176 0.954466
0.326313 0.390151 0.85298 0.709343 0.565707 0.45399 0.406111 0.358232 0.948737

0.358416 0.429808 0.9474 0.786768 0.626136 0.5012 0.447656 0.394112 1.054488
0.35652 0.427465 0.941823 0.782194 0.622566 0.498411 0.445202 0.391993 1.048241
0.354623 0.425123 0.936245 0.777621 0.618997 0.495623 0.442748 0.389873 1.041994
0.352727 0.42278 0.930668 0.773047 0.615427 0.492834 0.440294 0.387754 1.035748
0.350831 0.420438 0.92509 0.768474 0.611858 0.490045 0.43784 0.385634 1.029501

0.36375 0.436397 0.963088 0.799632 0.636177 0.509044 0.454559 0.400074 1.072059
0.36182 0.434013 0.957413 0.794979 0.632544 0.506206 0.452062 0.397917 1.065702
0.359891 0.43163 0.951737 0.790325 0.628912 0.503369 0.449564 0.39576 1.059346
0.357961 0.429246 0.946062 0.785671 0.62528 0.500531 0.447067 0.393603 1.052989
0.356031 0.426862 0.940386 0.781017 0.621647 0.497693 0.44457 0.391447 1.046633

0.369739 0.443796 0.980704 0.814078 0.647451 0.517852 0.46231 0.406768 1.091789
0.367772 0.441366 0.974919 0.809333 0.643748 0.514959 0.459764 0.404569 1.085309
0.365805 0.438936 0.969133 0.804589 0.640045 0.512067 0.457219 0.402371 1.078829
0.363838 0.436506 0.963347 0.799845 0.636342 0.509174 0.454673 0.400172 1.072349
0.361871 0.434076 0.957562 0.795101 0.63264 0.506281 0.452127 0.397973 1.065869

0.376384 0.452004 1.000248 0.830103 0.659959 0.527624 0.470909 0.414194 1.113678
0.374376 0.449523 0.99434 0.825259 0.656178 0.52467 0.46831 0.411949 1.107061
0.372367 0.447042 0.988432 0.820415 0.652397 0.521716 0.46571 0.409704 1.100444
0.370358 0.44456 0.982525 0.81557 0.648616 0.518762 0.463111 0.407459 1.093827
0.36835 0.442079 0.976617 0.810726 0.644835 0.515808 0.460511 0.405214 1.087211

0.383684 0.461022 1.021719 0.84771 0.6737 0.53836 0.480356 0.422353 1.137725
0.38163 0.458484 1.015677 0.842755 0.669833 0.535339 0.477698 0.420057 1.130958
0.379576 0.455947 1.009635 0.837801 0.665966 0.532318 0.475039 0.417761 1.124191
0.377522 0.453409 1.003593 0.832846 0.6621 0.529297 0.472381 0.415465 1.117424
0.375467 0.450871 0.997551 0.827892 0.658233 0.526276 0.469722 0.413169 1.110657

0.3678 0.4414 0.975 0.8094 0.6438 0.515 0.4598 0.4046 1.0854
0.365845 0.438985 0.96925 0.804685 0.64012 0.512125 0.45727 0.402415 1.07896
0.36389 0.43657 0.9635 0.79997 0.63644 0.50925 0.45474 0.40023 1.07252
0.361935 0.434155 0.95775 0.795255 0.63276 0.506375 0.45221 0.398045 1.06608
0.35998 0.43174 0.952 0.79054 0.62908 0.5035 0.44968 0.39586 1.05964

0.373299 0.448193 0.991174 0.822662 0.654151 0.523087 0.466916 0.410746 1.103514
0.37131 0.445735 0.985323 0.817864 0.650406 0.520161 0.464342 0.408523 1.096961
0.36932 0.443278 0.979471 0.813067 0.646662 0.517236 0.461767 0.406299 1.090408
0.367331 0.440821 0.97362 0.808269 0.642917 0.51431 0.459193 0.404076 1.083855
0.365342 0.438363 0.967769 0.803471 0.639172 0.511385 0.456618 0.401852 1.077302

0.379474 0.45582 1.009334 0.837554 0.665774 0.532167 0.474907 0.417647 1.123855
0.377446 0.453315 1.00337 0.832663 0.661957 0.529185 0.472283 0.415381 1.117174
0.375418 0.45081 0.997405 0.827772 0.658139 0.526203 0.469658 0.413114 1.110494
0.37339 0.448305 0.991441 0.822881 0.654322 0.52322 0.467034 0.410847 1.103814
0.371362 0.4458 0.985476 0.81799 0.650505 0.520238 0.464409 0.408581 1.097133

0.386324 0.464283 1.029482 0.854076 0.678669 0.542241 0.483772 0.425303 1.14642
0.384253 0.461725 1.023392 0.849081 0.674771 0.539196 0.481092 0.422989 1.139599
0.382182 0.459167 1.017301 0.844087 0.670873 0.536151 0.478413 0.420675 1.132778
0.380112 0.456609 1.011211 0.839093 0.666975 0.533105 0.475733 0.41836 1.125956
0.378041 0.454051 1.00512 0.834099 0.663077 0.53006 0.473053 0.416046 1.119135

0.39385 0.473579 1.051618 0.872226 0.692835 0.553309 0.493512 0.433715 1.171212
0.391732 0.470963 1.045389 0.867119 0.688849 0.550194 0.490771 0.431348 1.164235
0.389614 0.468347 1.03916 0.862011 0.684862 0.54708 0.48803 0.428981 1.157259
0.387497 0.465731 1.032931 0.856903 0.680876 0.543966 0.48529 0.426614 1.150283
0.385379 0.463115 1.026702 0.851796 0.676889 0.540851 0.482549 0.424247 1.143306

0.377184 0.452992 1.0026 0.832032 0.661464 0.5288 0.471944 0.415088 1.116312
0.37517 0.450505 0.996678 0.827176 0.657674 0.525839 0.469338 0.412837 1.109679
0.373157 0.448017 0.990755 0.822319 0.653883 0.522878 0.466732 0.410587 1.103046
0.371143 0.44553 0.984833 0.817463 0.650093 0.519916 0.464126 0.408336 1.096412
0.369129 0.443042 0.97891 0.812606 0.646302 0.516955 0.46152 0.406086 1.089779

0.382848 0.459989 1.019259 0.845692 0.672126 0.537129 0.479274 0.421418 1.13497
0.380799 0.457458 1.013232 0.84075 0.668269 0.534116 0.476622 0.419128 1.12822
0.37875 0.454926 1.007206 0.835809 0.664412 0.531103 0.47397 0.416838 1.12147
0.376701 0.452395 1.001179 0.830867 0.660555 0.528089 0.471319 0.414548 1.11472
0.374652 0.449864 0.995152 0.825925 0.656697 0.525076 0.468667 0.412258 1.107971

0.389208 0.467845 1.037964 0.861031 0.684097 0.546482 0.487504 0.428526 1.15592
0.387119 0.465265 1.031821 0.855993 0.680165 0.54341 0.484801 0.426192 1.149039
0.38503 0.462684 1.025677 0.850955 0.676234 0.540339 0.482098 0.423857 1.142159
0.382942 0.460104 1.019534 0.845918 0.672302 0.537267 0.479395 0.421523 1.135278
0.380853 0.457524 1.01339 0.84088 0.66837 0.534195 0.476692 0.419188 1.128397

0.396264 0.476561 1.058717 0.878048 0.697379 0.556858 0.496635 0.436412 1.179163
0.394131 0.473926 1.052444 0.872904 0.693364 0.553722 0.493875 0.434029 1.172137
0.391998 0.471292 1.04617 0.86776 0.689349 0.550585 0.491115 0.431645 1.165111
0.389865 0.468657 1.039897 0.862616 0.685334 0.547449 0.488355 0.429261 1.158085
0.387732 0.466022 1.033624 0.857472 0.681319 0.544312 0.485595 0.426877 1.151059

0.404015 0.486137 1.081516 0.896743 0.71197 0.568258 0.506667 0.445076 1.204698
0.401834 0.483442 1.0751 0.891482 0.707864 0.56505 0.503844 0.442638 1.197512
0.399653 0.480748 1.068685 0.886221 0.703758 0.561842 0.501021 0.4402 1.190327
0.397471 0.478053 1.062269 0.880961 0.699652 0.558634 0.498198 0.437762 1.183141
0.39529 0.475358 1.055853 0.8757 0.695546 0.555427 0.495375 0.435324 1.175956

0.391973 0.471261 1.046098 0.8677 0.689303 0.550549 0.491083 0.431617 1.16503
0.389867 0.468659 1.039904 0.862621 0.685338 0.547452 0.488358 0.429263 1.158092
0.387761 0.466058 1.033709 0.857542 0.681374 0.544355 0.485632 0.426909 1.151154
0.385655 0.463456 1.027515 0.852462 0.677409 0.541257 0.482907 0.424556 1.144217
0.383549 0.460855 1.02132 0.847383 0.673445 0.53816 0.480181 0.422202 1.137279

0.397897 0.478579 1.063521 0.881988 0.700454 0.559261 0.498749 0.438238 1.184544
0.395754 0.475932 1.057218 0.876819 0.69642 0.556109 0.495976 0.435843 1.177484
0.393611 0.473284 1.050915 0.87165 0.692386 0.552957 0.493203 0.433448 1.170425
0.391468 0.470637 1.044612 0.866482 0.688351 0.549806 0.490429 0.431052 1.163365
0.389325 0.46799 1.038308 0.861313 0.684317 0.546654 0.487656 0.428657 1.156305

0.404549 0.486796 1.083086 0.89803 0.712975 0.569043 0.507358 0.445673 1.206456
0.402364 0.484097 1.07666 0.892761 0.708862 0.56583 0.50453 0.443231 1.199259
0.40018 0.481399 1.070235 0.887492 0.70475 0.562617 0.501703 0.440789 1.192063
0.397995 0.4787 1.063809 0.882223 0.700638 0.559405 0.498876 0.438347 1.184866
0.39581 0.476001 1.057384 0.876954 0.696525 0.556192 0.496049 0.435906 1.17767

0.411929 0.495912 1.104791 0.915828 0.726866 0.579895 0.516908 0.45392 1.230766
0.409698 0.493156 1.09823 0.910448 0.722667 0.576615 0.514021 0.451427 1.223417
0.407467 0.490401 1.091668 0.905068 0.718468 0.573334 0.511134 0.448934 1.216069
0.405236 0.487645 1.085107 0.899688 0.714269 0.570054 0.508247 0.446441 1.20872
0.403006 0.484889 1.078546 0.894308 0.710069 0.566773 0.50536 0.443947 1.201371

0.420036 0.505927 1.128637 0.935382 0.742127 0.591818 0.5274 0.462982 1.257473
0.417755 0.503109 1.121926 0.92988 0.737833 0.588463 0.524448 0.460432 1.249957
0.415473 0.500291 1.115216 0.924377 0.733538 0.585108 0.521495 0.457882 1.242442
0.413192 0.497472 1.108506 0.918875 0.729244 0.581753 0.518543 0.455332 1.234927
0.410911 0.494654 1.101796 0.913372 0.724949 0.578398 0.51559 0.452782 1.227411

0.402395 0.484135 1.07675 0.892835 0.70892 0.565875 0.50457 0.443265 1.19936
0.400224 0.481453 1.070364 0.887599 0.704833 0.562682 0.50176 0.440838 1.192208
0.398053 0.478771 1.063979 0.882362 0.700746 0.559489 0.498951 0.438412 1.185056
0.395881 0.476089 1.057593 0.877126 0.696659 0.556296 0.496141 0.435985 1.177904
0.39371 0.473407 1.051207 0.871889 0.692572 0.553103 0.493331 0.433559 1.170751

0.408502 0.491679 1.094713 0.907564 0.720416 0.574856 0.512474 0.450091 1.219478
0.406293 0.48895 1.088215 0.902236 0.716257 0.571607 0.509614 0.447622 1.2122
0.404084 0.486221 1.081716 0.896907 0.712098 0.568358 0.506755 0.445152 1.204922
0.401874 0.483492 1.075218 0.891579 0.70794 0.565109 0.503896 0.442683 1.197644
0.399665 0.480762 1.06872 0.88625 0.703781 0.56186 0.501037 0.440214 1.190366

0.41536 0.50015 1.114882 0.924103 0.733325 0.584941 0.521348 0.457755 1.242068
0.413108 0.497368 1.108258 0.918671 0.729085 0.581629 0.518433 0.455238 1.234649
0.410855 0.494586 1.101634 0.91324 0.724846 0.578317 0.515519 0.452721 1.22723
0.408603 0.491804 1.095009 0.907808 0.720606 0.575005 0.512604 0.450204 1.21981
0.406351 0.489022 1.088385 0.902376 0.716366 0.571693 0.509689 0.447686 1.212391

0.422968 0.509549 1.137258 0.942452 0.747645 0.596129 0.531194 0.466258 1.267129
0.420668 0.506708 1.130494 0.936905 0.743316 0.592747 0.528218 0.463688 1.259554
0.418368 0.503867 1.12373 0.931359 0.738987 0.589365 0.525241 0.461117 1.251978
0.416068 0.501026 1.116966 0.925812 0.734658 0.585983 0.522265 0.458547 1.244402
0.413769 0.498185 1.110202 0.920266 0.730329 0.582601 0.519289 0.455977 1.236826

0.431326 0.519874 1.161842 0.96261 0.763379 0.608421 0.54201 0.4756 1.294663
0.428974 0.516968 1.154924 0.956938 0.758951 0.604962 0.538967 0.472971 1.286915
0.426622 0.514063 1.148006 0.951265 0.754524 0.601503 0.535923 0.470342 1.279167
0.42427 0.511157 1.141088 0.945593 0.750097 0.598044 0.532879 0.467714 1.271419
0.421918 0.508252 1.134171 0.93992 0.745669 0.594585 0.529835 0.465085 1.263671

0.412817 0.497009 1.107403 0.91797 0.728538 0.581201 0.518057 0.454913 1.233691
0.410581 0.494247 1.100825 0.912577 0.724328 0.577913 0.515163 0.452414 1.226324
0.408344 0.491484 1.094248 0.907183 0.720119 0.574624 0.512269 0.449914 1.218958
0.406108 0.488722 1.08767 0.90179 0.715909 0.571335 0.509375 0.447415 1.211591
0.403872 0.485959 1.081093 0.896396 0.711699 0.568046 0.506481 0.444915 1.204224

0.419107 0.50478 1.125904 0.933141 0.740379 0.590452 0.526198 0.461944 1.254413
0.416832 0.501969 1.119211 0.927653 0.736095 0.587106 0.523253 0.4594 1.246916
0.414556 0.499158 1.112518 0.922165 0.731811 0.583759 0.520308 0.456857 1.23942
0.41228 0.496346 1.105825 0.916676 0.727528 0.580412 0.517363 0.454313 1.231924
0.410005 0.493535 1.099132 0.911188 0.723244 0.577066 0.514418 0.45177 1.224427

0.426171 0.513505 1.146679 0.950176 0.753674 0.600839 0.535339 0.469838 1.27768
0.423851 0.510639 1.139856 0.944582 0.749308 0.597428 0.532336 0.467245 1.270038
0.421531 0.507774 1.133033 0.938987 0.744941 0.594016 0.529334 0.464652 1.262397
0.419211 0.504908 1.12621 0.933392 0.740574 0.590605 0.526332 0.46206 1.254755
0.416891 0.502042 1.119387 0.927797 0.736207 0.587193 0.52333 0.459467 1.247113

0.434007 0.523185 1.169726 0.969076 0.768425 0.612363 0.54548 0.478596 1.303493
0.431638 0.520259 1.162759 0.963363 0.763966 0.60888 0.542414 0.475948 1.29569
0.429269 0.517333 1.155792 0.95765 0.759507 0.605396 0.539349 0.473301 1.287887
0.426901 0.514407 1.148825 0.951937 0.755048 0.601913 0.536283 0.470654 1.280084
0.424532 0.51148 1.141858 0.946224 0.750589 0.598429 0.533218 0.468006 1.272281

0.442616 0.53382 1.195047 0.989839 0.78463 0.625024 0.556621 0.488218 1.331853
0.440193 0.530827 1.187922 0.983996 0.78007 0.621461 0.553486 0.48551 1.323872
0.437771 0.527835 1.180796 0.978153 0.77551 0.617898 0.55035 0.482803 1.315892
0.435348 0.524842 1.173671 0.97231 0.77095 0.614336 0.547215 0.480095 1.307912
0.432926 0.521849 1.166546 0.966468 0.766389 0.610773 0.54408 0.477387 1.299931
