# Table format: 1D
# Input signal 5 of FADEC_FLOW_Demand_5D.txt: N_HP_corrected_pct vs time
# axis1_unit = s
0 50
0.5 50
1 60
1.5 60
2 70
2.5 70
3 80
3.5 80
4 90
4.5 90
5 100
5.5 100
6 105
6.5 105
7 50
7.5 50
8 60
8.5 60
9 70
9.5 70
10 80
10.5 80
11 90
11.5 90
12 100
12.5 100
13 105
13.5 105
14 50
14.5 50
15 60
15.5 60
16 70
16.5 70
17 80
17.5 80
18 90
18.5 90
19 100
19.5 100
20 105
20.5 105
21 50
21.5 50
22 60
22.5 60
23 70
23.5 70
24 80
24.5 80
25 90
25.5 90
26 100
26.5 100
27 105
27.5 105
28 50
28.5 50
29 60
29.5 60
30 70
30.5 70
31 80
31.5 80
32 90
32.5 90
33 100
33.5 100
34 105
34.5 105
35 50
35.5 50
36 60
36.5 60
37 70
37.5 70
38 80
38.5 80
39 90
39.5 90
40 100
40.5 100
41 105
41.5 105
42 50
42.5 50
43 60
43.5 60
44 70
44.5 70
45 80
45.5 80
46 90
46.5 90
47 100
47.5 100
48 105
48.5 105
49 50
49.5 50
50 60
50.5 60
51 70
51.5 70
52 80
52.5 80
53 90
53.5 90
54 100
54.5 100
55 105
55.5 105
56 50
56.5 50
57 60
57.5 60
58 70
58.5 70
59 80
59.5 80
60 90
60.5 90
61 100
61.5 100
62 105
62.5 105
63 50
63.5 50
64 60
64.5 60
65 70
65.5 70
66 80
66.5 80
67 90
67.5 90
68 100
68.5 100
69 105
69.5 105
70 50
70.5 50
71 60
71.5 60
72 70
72.5 70
73 80
73.5 80
74 90
74.5 90
75 100
75.5 100
76 105
76.5 105
77 50
77.5 50
78 60
78.5 60
79 70
79.5 70
80 80
80.5 80
81 90
81.5 90
82 100
82.5 100
83 105
83.5 105
84 50
84.5 50
85 60
85.5 60
86 70
86.5 70
87 80
87.5 80
88 90
88.5 90
89 100
89.5 100
90 105
90.5 105
91 50
91.5 50
92 60
92.5 60
93 70
93.5 70
94 80
94.5 80
95 90
95.5 90
96 100
96.5 100
97 105
97.5 105
98 50
98.5 50
99 60
99.5 60
100 70
100.5 70
101 80
101.5 80
102 90
102.5 90
103 100
103.5 100
104 105
104.5 105
105 50
105.5 50
106 60
106.5 60
107 70
107.5 70
108 80
108.5 80
109 90
109.5 90
110 100
110.5 100
111 105
111.5 105
112 50
112.5 50
113 60
113.5 60
114 70
114.5 70
115 80
115.5 80
116 90
116.5 90
117 100
117.5 100
118 105
118.5 105
119 50
119.5 50
120 60
120.5 60
121 70
121.5 70
122 80
122.5 80
123 90
123.5 90
124 100
124.5 100
125 105
125.5 105
126 50
126.5 50
127 60
127.5 60
128 70
128.5 70
129 80
129.5 80
130 90
130.5 90
131 100
131.5 100
132 105
132.5 105
133 50
133.5 50
134 60
134.5 60
135 70
135.5 70
136 80
136.5 80
137 90
137.5 90
138 100
138.5 100
139 105
139.5 105
140 50
140.5 50
141 60
141.5 60
142 70
142.5 70
143 80
143.5 80
144 90
144.5 90
145 100
145.5 100
146 105
146.5 105
147 50
147.5 50
148 60
148.5 60
149 70
149.5 70
150 80
150.5 80
151 90
151.5 90
152 100
152.5 100
153 105
153.5 105
154 50
154.5 50
155 60
155.5 60
156 70
156.5 70
157 80
157.5 80
158 90
158.5 90
159 100
159.5 100
160 105
160.5 105
161 50
161.5 50
162 60
162.5 60
163 70
163.5 70
164 80
164.5 80
165 90
165.5 90
166 100
166.5 100
167 105
167.5 105
168 50
168.5 50
169 60
169.5 60
170 70
170.5 70
171 80
171.5 80
172 90
172.5 90
173 100
173.5 100
174 105
174.5 105
175 50
175.5 50
176 60
176.5 60
177 70
177.5 70
178 80
178.5 80
179 90
179.5 90
180 100
180.5 100
181 105
181.5 105
182 50
182.5 50
183 60
183.5 60
184 70
184.5 70
185 80
185.5 80
186 90
186.5 90
187 100
187.5 100
188 105
188.5 105
189 50
189.5 50
190 60
190.5 60
191 70
191.5 70
192 80
192.5 80
193 90
193.5 90
194 100
194.5 100
195 105
195.5 105
196 50
196.5 50
197 60
197.5 60
198 70
198.5 70
199 80
199.5 80
200 90
200.5 90
201 100
201.5 100
202 105
202.5 105
203 50
203.5 50
204 60
204.5 60
205 70
205.5 70
206 80
206.5 80
207 90
207.5 90
208 100
208.5 100
209 105
209.5 105
210 50
210.5 50
211 60
211.5 60
212 70
212.5 70
213 80
213.5 80
214 90
214.5 90
215 100
215.5 100
216 105
216.5 105
217 50
217.5 50
218 60
218.5 60
219 70
219.5 70
220 80
220.5 80
221 90
221.5 90
222 100
222.5 100
223 105
223.5 105
224 50
224.5 50
225 60
225.5 60
226 70
226.5 70
227 80
227.5 80
228 90
228.5 90
229 100
229.5 100
230 105
230.5 105
231 50
231.5 50
232 60
232.5 60
233 70
233.5 70
234 80
234.5 80
235 90
235.5 90
236 100
236.5 100
237 105
237.5 105
238 50
238.5 50
239 60
239.5 60
240 70
240.5 70
241 80
241.5 80
242 90
242.5 90
243 100
243.5 100
244 105
244.5 105
245 50
245.5 50
246 60
246.5 60
247 70
247.5 70
248 80
248.5 80
249 90
249.5 90
250 100
250.5 100
251 105
251.5 105
252 50
252.5 50
253 60
253.5 60
254 70
254.5 70
255 80
255.5 80
256 90
256.5 90
257 100
257.5 100
258 105
258.5 105
259 50
259.5 50
260 60
260.5 60
261 70
261.5 70
262 80
262.5 80
263 90
263.5 90
264 100
264.5 100
265 105
265.5 105
266 50
266.5 50
267 60
267.5 60
268 70
268.5 70
269 80
269.5 80
270 90
270.5 90
271 100
271.5 100
272 105
272.5 105
273 50
273.5 50
274 60
274.5 60
275 70
275.5 70
276 80
276.5 80
277 90
277.5 90
278 100
278.5 100
279 105
279.5 105
280 50
280.5 50
281 60
281.5 60
282 70
282.5 70
283 80
283.5 80
284 90
284.5 90
285 100
285.5 100
286 105
286.5 105
287 50
287.5 50
288 60
288.5 60
289 70
289.5 70
290 80
290.5 80
291 90
291.5 90
292 100
292.5 100
293 105
293.5 105
294 50
294.5 50
295 60
295.5 60
296 70
296.5 70
297 80
297.5 80
298 90
298.5 90
299 100
299.5 100
300 105
300.5 105
301 50
301.5 50
302 60
302.5 60
303 70
303.5 70
304 80
304.5 80
305 90
305.5 90
306 100
306.5 100
307 105
307.5 105
308 50
308.5 50
309 60
309.5 60
310 70
310.5 70
311 80
311.5 80
312 90
312.5 90
313 100
313.5 100
314 105
314.5 105
315 50
315.5 50
316 60
316.5 60
317 70
317.5 70
318 80
318.5 80
319 90
319.5 90
320 100
320.5 100
321 105
321.5 105
322 50
322.5 50
323 60
323.5 60
324 70
324.5 70
325 80
325.5 80
326 90
326.5 90
327 100
327.5 100
328 105
328.5 105
329 50
329.5 50
330 60
330.5 60
331 70
331.5 70
332 80
332.5 80
333 90
333.5 90
334 100
334.5 100
335 105
335.5 105
336 50
336.5 50
337 60
337.5 60
338 70
338.5 70
339 80
339.5 80
340 90
340.5 90
341 100
341.5 100
342 105
342.5 105
343 50
343.5 50
344 60
344.5 60
345 70
345.5 70
346 80
346.5 80
347 90
347.5 90
348 100
348.5 100
349 105
349.5 105
350 50
350.5 50
351 60
351.5 60
352 70
352.5 70
353 80
353.5 80
354 90
354.5 90
355 100
355.5 100
356 105
356.5 105
357 50
357.5 50
358 60
358.5 60
359 70
359.5 70
360 80
360.5 80
361 90
361.5 90
362 100
362.5 100
363 105
363.5 105
364 50
364.5 50
365 60
365.5 60
366 70
366.5 70
367 80
367.5 80
368 90
368.5 90
369 100
369.5 100
370 105
370.5 105
371 50
371.5 50
372 60
372.5 60
373 70
373.5 70
374 80
374.5 80
375 90
375.5 90
376 100
376.5 100
377 105
377.5 105
378 50
378.5 50
379 60
379.5 60
380 70
380.5 70
381 80
381.5 80
382 90
382.5 90
383 100
383.5 100
384 105
384.5 105
385 50
385.5 50
386 60
386.5 60
387 70
387.5 70
388 80
388.5 80
389 90
389.5 90
390 100
390.5 100
391 105
391.5 105
392 50
392.5 50
393 60
393.5 60
394 70
394.5 70
395 80
395.5 80
396 90
396.5 90
397 100
397.5 100
398 105
398.5 105
399 50
399.5 50
400 60
400.5 60
401 70
401.5 70
402 80
402.5 80
403 90
403.5 90
404 100
404.5 100
405 105
405.5 105
406 50
406.5 50
407 60
407.5 60
408 70
408.5 70
409 80
409.5 80
410 90
410.5 90
411 100
411.5 100
412 105
412.5 105
413 50
413.5 50
414 60
414.5 60
415 70
415.5 70
416 80
416.5 80
417 90
417.5 90
418 100
418.5 100
419 105
419.5 105
420 50
420.5 50
421 60
421.5 60
422 70
422.5 70
423 80
423.5 80
424 90
424.5 90
425 100
425.5 100
426 105
426.5 105
427 50
427.5 50
428 60
428.5 60
429 70
429.5 70
430 80
430.5 80
431 90
431.5 90
432 100
432.5 100
433 105
433.5 105
434 50
434.5 50
435 60
435.5 60
436 70
436.5 70
437 80
437.5 80
438 90
438.5 90
439 100
439.5 100
440 105
440.5 105
441 50
441.5 50
442 60
442.5 60
443 70
443.5 70
444 80
444.5 80
445 90
445.5 90
446 100
446.5 100
447 105
447.5 105
448 50
448.5 50
449 60
449.5 60
450 70
450.5 70
451 80
451.5 80
452 90
452.5 90
453 100
453.5 100
454 105
454.5 105
455 50
455.5 50
456 60
456.5 60
457 70
457.5 70
458 80
458.5 80
459 90
459.5 90
460 100
460.5 100
461 105
461.5 105
462 50
462.5 50
463 60
463.5 60
464 70
464.5 70
465 80
465.5 80
466 90
466.5 90
467 100
467.5 100
468 105
468.5 105
469 50
469.5 50
470 60
470.5 60
471 70
471.5 70
472 80
472.5 80
473 90
473.5 90
474 100
474.5 100
475 105
475.5 105
476 50
476.5 50
477 60
477.5 60
478 70
478.5 70
479 80
479.5 80
480 90
480.5 90
481 100
481.5 100
482 105
482.5 105
483 50
483.5 50
484 60
484.5 60
485 70
485.5 70
486 80
486.5 80
487 90
487.5 90
488 100
488.5 100
489 105
489.5 105
490 50
490.5 50
491 60
491.5 60
492 70
492.5 70
493 80
493.5 80
494 90
494.5 90
495 100
495.5 100
496 105
496.5 105
497 50
497.5 50
498 60
498.5 60
499 70
499.5 70
500 80
500.5 80
501 90
501.5 90
502 100
502.5 100
503 105
503.5 105
504 50
504.5 50
505 60
505.5 60
506 70
506.5 70
507 80
507.5 80
508 90
508.5 90
509 100
509.5 100
510 105
510.5 105
511 50
511.5 50
512 60
512.5 60
513 70
513.5 70
514 80
514.5 80
515 90
515.5 90
516 100
516.5 100
517 105
517.5 105
518 50
518.5 50
519 60
519.5 60
520 70
520.5 70
521 80
521.5 80
522 90
522.5 90
523 100
523.5 100
524 105
524.5 105
525 50
525.5 50
526 60
526.5 60
527 70
527.5 70
528 80
528.5 80
529 90
529.5 90
530 100
530.5 100
531 105
531.5 105
532 50
532.5 50
533 60
533.5 60
534 70
534.5 70
535 80
535.5 80
536 90
536.5 90
537 100
537.5 100
538 105
538.5 105
539 50
539.5 50
540 60
540.5 60
541 70
541.5 70
542 80
542.5 80
543 90
543.5 90
544 100
544.5 100
545 105
545.5 105
546 50
546.5 50
547 60
547.5 60
548 70
548.5 70
549 80
549.5 80
550 90
550.5 90
551 100
551.5 100
552 105
552.5 105
553 50
553.5 50
554 60
554.5 60
555 70
555.5 70
556 80
556.5 80
557 90
557.5 90
558 100
558.5 100
559 105
559.5 105
560 50
560.5 50
561 60
561.5 60
562 70
562.5 70
563 80
563.5 80
564 90
564.5 90
565 100
565.5 100
566 105
566.5 105
567 50
567.5 50
568 60
568.5 60
569 70
569.5 70
570 80
570.5 80
571 90
571.5 90
572 100
572.5 100
573 105
573.5 105
574 50
574.5 50
575 60
575.5 60
576 70
576.5 70
577 80
577.5 80
578 90
578.5 90
579 100
579.5 100
580 105
580.5 105
581 50
581.5 50
582 60
582.5 60
583 70
583.5 70
584 80
584.5 80
585 90
585.5 90
586 100
586.5 100
587 105
587.5 105
588 50
588.5 50
589 60
589.5 60
590 70
590.5 70
591 80
591.5 80
592 90
592.5 90
593 100
593.5 100
594 105
594.5 105
595 50
595.5 50
596 60
596.5 60
597 70
597.5 70
598 80
598.5 80
599 90
599.5 90
600 100
600.5 100
601 105
601.5 105
602 50
602.5 50
603 60
603.5 60
604 70
604.5 70
605 80
605.5 80
606 90
606.5 90
607 100
607.5 100
608 105
608.5 105
609 50
609.5 50
610 60
610.5 60
611 70
611.5 70
612 80
612.5 80
613 90
613.5 90
614 100
614.5 100
615 105
615.5 105
616 50
616.5 50
617 60
617.5 60
618 70
618.5 70
619 80
619.5 80
620 90
620.5 90
621 100
621.5 100
622 105
622.5 105
623 50
623.5 50
624 60
624.5 60
625 70
625.5 70
626 80
626.5 80
627 90
627.5 90
628 100
628.5 100
629 105
629.5 105
630 50
630.5 50
631 60
631.5 60
632 70
632.5 70
633 80
633.5 80
634 90
634.5 90
635 100
635.5 100
636 105
636.5 105
637 50
637.5 50
638 60
638.5 60
639 70
639.5 70
640 80
640.5 80
641 90
641.5 90
642 100
642.5 100
643 105
643.5 105
644 50
644.5 50
645 60
645.5 60
646 70
646.5 70
647 80
647.5 80
648 90
648.5 90
649 100
649.5 100
650 105
650.5 105
651 50
651.5 50
652 60
652.5 60
653 70
653.5 70
654 80
654.5 80
655 90
655.5 90
656 100
656.5 100
657 105
657.5 105
658 50
658.5 50
659 60
659.5 60
660 70
660.5 70
661 80
661.5 80
662 90
662.5 90
663 100
663.5 100
664 105
664.5 105
665 50
665.5 50
666 60
666.5 60
667 70
667.5 70
668 80
668.5 80
669 90
669.5 90
670 100
670.5 100
671 105
671.5 105
672 50
672.5 50
673 60
673.5 60
674 70
674.5 70
675 80
675.5 80
676 90
676.5 90
677 100
677.5 100
678 105
678.5 105
679 50
679.5 50
680 60
680.5 60
681 70
681.5 70
682 80
682.5 80
683 90
683.5 90
684 100
684.5 100
685 105
685.5 105
686 50
686.5 50
687 60
687.5 60
688 70
688.5 70
689 80
689.5 80
690 90
690.5 90
691 100
691.5 100
692 105
692.5 105
693 50
693.5 50
694 60
694.5 60
695 70
695.5 70
696 80
696.5 80
697 90
697.5 90
698 100
698.5 100
699 105
699.5 105
700 50
700.5 50
701 60
701.5 60
702 70
702.5 70
703 80
703.5 80
704 90
704.5 90
705 100
705.5 100
706 105
706.5 105
707 50
707.5 50
708 60
708.5 60
709 70
709.5 70
710 80
710.5 80
711 90
711.5 90
712 100
712.5 100
713 105
713.5 105
714 50
714.5 50
715 60
715.5 60
716 70
716.5 70
717 80
717.5 80
718 90
718.5 90
719 100
719.5 100
720 105
720.5 105
721 50
721.5 50
722 60
722.5 60
723 70
723.5 70
724 80
724.5 80
725 90
725.5 90
726 100
726.5 100
727 105
727.5 105
728 50
728.5 50
729 60
729.5 60
730 70
730.5 70
731 80
731.5 80
732 90
732.5 90
733 100
733.5 100
734 105
734.5 105
735 50
735.5 50
736 60
736.5 60
737 70
737.5 70
738 80
738.5 80
739 90
739.5 90
740 100
740.5 100
741 105
741.5 105
742 50
742.5 50
743 60
743.5 60
744 70
744.5 70
745 80
745.5 80
746 90
746.5 90
747 100
747.5 100
748 105
748.5 105
749 50
749.5 50
750 60
750.5 60
751 70
751.5 70
752 80
752.5 80
753 90
753.5 90
754 100
754.5 100
755 105
755.5 105
756 50
756.5 50
757 60
757.5 60
758 70
758.5 70
759 80
759.5 80
760 90
760.5 90
761 100
761.5 100
762 105
762.5 105
763 50
763.5 50
764 60
764.5 60
765 70
765.5 70
766 80
766.5 80
767 90
767.5 90
768 100
768.5 100
769 105
769.5 105
770 50
770.5 50
771 60
771.5 60
772 70
772.5 70
773 80
773.5 80
774 90
774.5 90
775 100
775.5 100
776 105
776.5 105
777 50
777.5 50
778 60
778.5 60
779 70
779.5 70
780 80
780.5 80
781 90
781.5 90
782 100
782.5 100
783 105
783.5 105
784 50
784.5 50
785 60
785.5 60
786 70
786.5 70
787 80
787.5 80
788 90
788.5 90
789 100
789.5 100
790 105
790.5 105
791 50
791.5 50
792 60
792.5 60
793 70
793.5 70
794 80
794.5 80
795 90
795.5 90
796 100
796.5 100
797 105
797.5 105
798 50
798.5 50
799 60
799.5 60
800 70
800.5 70
801 80
801.5 80
802 90
802.5 90
803 100
803.5 100
804 105
804.5 105
805 50
805.5 50
806 60
806.5 60
807 70
807.5 70
808 80
808.5 80
809 90
809.5 90
810 100
810.5 100
811 105
811.5 105
812 50
812.5 50
813 60
813.5 60
814 70
814.5 70
815 80
815.5 80
816 90
816.5 90
817 100
817.5 100
818 105
818.5 105
819 50
819.5 50
820 60
820.5 60
821 70
821.5 70
822 80
822.5 80
823 90
823.5 90
824 100
824.5 100
825 105
825.5 105
826 50
826.5 50
827 60
827.5 60
828 70
828.5 70
829 80
829.5 80
830 90
830.5 90
831 100
831.5 100
832 105
832.5 105
833 50
833.5 50
834 60
834.5 60
835 70
835.5 70
836 80
836.5 80
837 90
837.5 90
838 100
838.5 100
839 105
839.5 105
840 50
840.5 50
841 60
841.5 60
842 70
842.5 70
843 80
843.5 80
844 90
844.5 90
845 100
845.5 100
846 105
846.5 105
847 50
847.5 50
848 60
848.5 60
849 70
849.5 70
850 80
850.5 80
851 90
851.5 90
852 100
852.5 100
853 105
853.5 105
854 50
854.5 50
855 60
855.5 60
856 70
856.5 70
857 80
857.5 80
858 90
858.5 90
859 100
859.5 100
860 105
860.5 105
861 50
861.5 50
862 60
862.5 60
863 70
863.5 70
864 80
864.5 80
865 90
865.5 90
866 100
866.5 100
867 105
867.5 105
868 50
868.5 50
869 60
869.5 60
870 70
870.5 70
871 80
871.5 80
872 90
872.5 90
873 100
873.5 100
874 105
874.5 105
875 50
875.5 50
876 60
876.5 60
877 70
877.5 70
878 80
878.5 80
879 90
879.5 90
880 100
880.5 100
881 105
881.5 105
882 50
882.5 50
883 60
883.5 60
884 70
884.5 70
885 80
885.5 80
886 90
886.5 90
887 100
887.5 100
888 105
888.5 105
889 50
889.5 50
890 60
890.5 60
891 70
891.5 70
892 80
892.5 80
893 90
893.5 90
894 100
894.5 100
895 105
895.5 105
896 50
896.5 50
897 60
897.5 60
898 70
898.5 70
899 80
899.5 80
900 90
900.5 90
901 100
901.5 100
902 105
902.5 105
903 50
903.5 50
904 60
904.5 60
905 70
905.5 70
906 80
906.5 80
907 90
907.5 90
908 100
908.5 100
909 105
909.5 105
910 50
910.5 50
911 60
911.5 60
912 70
912.5 70
913 80
913.5 80
914 90
914.5 90
915 100
915.5 100
916 105
916.5 105
917 50
917.5 50
918 60
918.5 60
919 70
919.5 70
920 80
920.5 80
921 90
921.5 90
922 100
922.5 100
923 105
923.5 105
924 50
924.5 50
925 60
925.5 60
926 70
926.5 70
927 80
927.5 80
928 90
928.5 90
929 100
929.5 100
930 105
930.5 105
931 50
931.5 50
932 60
932.5 60
933 70
933.5 70
934 80
934.5 80
935 90
935.5 90
936 100
936.5 100
937 105
937.5 105
938 50
938.5 50
939 60
939.5 60
940 70
940.5 70
941 80
941.5 80
942 90
942.5 90
943 100
943.5 100
944 105
944.5 105
945 50
945.5 50
946 60
946.5 60
947 70
947.5 70
948 80
948.5 80
949 90
949.5 90
950 100
950.5 100
951 105
951.5 105
952 50
952.5 50
953 60
953.5 60
954 70
954.5 70
955 80
955.5 80
956 90
956.5 90
957 100
957.5 100
958 105
958.5 105
959 50
959.5 50
960 60
960.5 60
961 70
961.5 70
962 80
962.5 80
963 90
963.5 90
964 100
964.5 100
965 105
965.5 105
966 50
966.5 50
967 60
967.5 60
968 70
968.5 70
969 80
969.5 80
970 90
970.5 90
971 100
971.5 100
972 105
972.5 105
973 50
973.5 50
974 60
974.5 60
975 70
975.5 70
976 80
976.5 80
977 90
977.5 90
978 100
978.5 100
979 105
979.5 105
980 50
980.5 50
981 60
981.5 60
982 70
982.5 70
983 80
983.5 80
984 90
984.5 90
985 100
985.5 100
986 105
986.5 105
987 50
987.5 50
988 60
988.5 60
989 70
989.5 70
990 80
990.5 80
991 90
991.5 90
992 100
992.5 100
993 105
993.5 105
994 50
994.5 50
995 60
995.5 60
996 70
996.5 70
997 80
997.5 80
998 90
998.5 90
999 100
999.5 100
1000 105
1000.5 105
1001 50
1001.5 50
1002 60
1002.5 60
1003 70
1003.5 70
1004 80
1004.5 80
1005 90
1005.5 90
1006 100
1006.5 100
1007 105
1007.5 105
1008 50
1008.5 50
1009 60
1009.5 60
1010 70
1010.5 70
1011 80
1011.5 80
1012 90
1012.5 90
1013 100
1013.5 100
1014 105
1014.5 105
1015 50
1015.5 50
1016 60
1016.5 60
1017 70
1017.5 70
1018 80
1018.5 80
1019 90
1019.5 90
1020 100
1020.5 100
1021 105
1021.5 105
1022 50
1022.5 50
1023 60
1023.5 60
1024 70
1024.5 70
1025 80
1025.5 80
1026 90
1026.5 90
1027 100
1027.5 100
1028 105
1028.5 105
1029 50
1029.5 50
1030 60
1030.5 60
1031 70
1031.5 70
1032 80
1032.5 80
1033 90
1033.5 90
1034 100
1034.5 100
1035 105
1035.5 105
1036 50
1036.5 50
1037 60
1037.5 60
1038 70
1038.5 70
1039 80
1039.5 80
1040 90
1040.5 90
1041 100
1041.5 100
1042 105
1042.5 105
1043 50
1043.5 50
1044 60
1044.5 60
1045 70
1045.5 70
1046 80
1046.5 80
1047 90
1047.5 90
1048 100
1048.5 100
1049 105
1049.5 105
1050 50
1050.5 50
1051 60
1051.5 60
1052 70
1052.5 70
1053 80
1053.5 80
1054 90
1054.5 90
1055 100
1055.5 100
1056 105
1056.5 105
1057 50
1057.5 50
1058 60
1058.5 60
1059 70
1059.5 70
1060 80
1060.5 80
1061 90
1061.5 90
1062 100
1062.5 100
1063 105
1063.5 105
1064 50
1064.5 50
1065 60
1065.5 60
1066 70
1066.5 70
1067 80
1067.5 80
1068 90
1068.5 90
1069 100
1069.5 100
1070 105
1070.5 105
1071 50
1071.5 50
1072 60
1072.5 60
1073 70
1073.5 70
1074 80
1074.5 80
1075 90
1075.5 90
1076 100
1076.5 100
1077 105
1077.5 105
1078 50
1078.5 50
1079 60
1079.5 60
1080 70
1080.5 70
1081 80
1081.5 80
1082 90
1082.5 90
1083 100
1083.5 100
1084 105
1084.5 105
1085 50
1085.5 50
1086 60
1086.5 60
1087 70
1087.5 70
1088 80
1088.5 80
1089 90
1089.5 90
1090 100
1090.5 100
1091 105
1091.5 105
1092 50
1092.5 50
1093 60
1093.5 60
1094 70
1094.5 70
1095 80
1095.5 80
1096 90
1096.5 90
1097 100
1097.5 100
1098 105
1098.5 105
1099 50
1099.5 50
1100 60
1100.5 60
1101 70
1101.5 70
1102 80
1102.5 80
1103 90
1103.5 90
1104 100
1104.5 100
1105 105
1105.5 105
1106 50
1106.5 50
1107 60
1107.5 60
1108 70
1108.5 70
1109 80
1109.5 80
1110 90
1110.5 90
1111 100
1111.5 100
1112 105
1112.5 105
1113 50
1113.5 50
1114 60
1114.5 60
1115 70
1115.5 70
1116 80
1116.5 80
1117 90
1117.5 90
1118 100
1118.5 100
1119 105
1119.5 105
1120 50
1120.5 50
1121 60
1121.5 60
1122 70
1122.5 70
1123 80
1123.5 80
1124 90
1124.5 90
1125 100
1125.5 100
1126 105
1126.5 105
1127 50
1127.5 50
1128 60
1128.5 60
1129 70
1129.5 70
1130 80
1130.5 80
1131 90
1131.5 90
1132 100
1132.5 100
1133 105
1133.5 105
1134 50
1134.5 50
1135 60
1135.5 60
1136 70
1136.5 70
1137 80
1137.5 80
1138 90
1138.5 90
1139 100
1139.5 100
1140 105
1140.5 105
1141 50
1141.5 50
1142 60
1142.5 60
1143 70
1143.5 70
1144 80
1144.5 80
1145 90
1145.5 90
1146 100
1146.5 100
1147 105
1147.5 105
1148 50
1148.5 50
1149 60
1149.5 60
1150 70
1150.5 70
1151 80
1151.5 80
1152 90
1152.5 90
1153 100
1153.5 100
1154 105
1154.5 105
1155 50
1155.5 50
1156 60
1156.5 60
1157 70
1157.5 70
1158 80
1158.5 80
1159 90
1159.5 90
1160 100
1160.5 100
1161 105
1161.5 105
1162 50
1162.5 50
1163 60
1163.5 60
1164 70
1164.5 70
1165 80
1165.5 80
1166 90
1166.5 90
1167 100
1167.5 100
1168 105
1168.5 105
1169 50
1169.5 50
1170 60
1170.5 60
1171 70
1171.5 70
1172 80
1172.5 80
1173 90
1173.5 90
1174 100
1174.5 100
1175 105
1175.5 105
1176 50
1176.5 50
1177 60
1177.5 60
1178 70
1178.5 70
1179 80
1179.5 80
1180 90
1180.5 90
1181 100
1181.5 100
1182 105
1182.5 105
1183 50
1183.5 50
1184 60
1184.5 60
1185 70
1185.5 70
1186 80
1186.5 80
1187 90
1187.5 90
1188 100
1188.5 100
1189 105
1189.5 105
1190 50
1190.5 50
1191 60
1191.5 60
1192 70
1192.5 70
1193 80
1193.5 80
1194 90
1194.5 90
1195 100
1195.5 100
1196 105
1196.5 105
1197 50
1197.5 50
1198 60
1198.5 60
1199 70
1199.5 70
1200 80
1200.5 80
1201 90
1201.5 90
1202 100
1202.5 100
1203 105
1203.5 105
1204 50
1204.5 50
1205 60
1205.5 60
1206 70
1206.5 70
1207 80
1207.5 80
1208 90
1208.5 90
1209 100
1209.5 100
1210 105
1210.5 105
1211 50
1211.5 50
1212 60
1212.5 60
1213 70
1213.5 70
1214 80
1214.5 80
1215 90
1215.5 90
1216 100
1216.5 100
1217 105
1217.5 105
1218 50
1218.5 50
1219 60
1219.5 60
1220 70
1220.5 70
1221 80
1221.5 80
1222 90
1222.5 90
1223 100
1223.5 100
1224 105
1224.5 105
1225 50
1225.5 50
1226 60
1226.5 60
1227 70
1227.5 70
1228 80
1228.5 80
1229 90
1229.5 90
1230 100
1230.5 100
1231 105
1231.5 105
1232 50
1232.5 50
1233 60
1233.5 60
1234 70
1234.5 70
1235 80
1235.5 80
1236 90
1236.5 90
1237 100
1237.5 100
1238 105
1238.5 105
1239 50
1239.5 50
1240 60
1240.5 60
1241 70
1241.5 70
1242 80
1242.5 80
1243 90
1243.5 90
1244 100
1244.5 100
1245 105
1245.5 105
1246 50
1246.5 50
1247 60
1247.5 60
1248 70
1248.5 70
1249 80
1249.5 80
1250 90
1250.5 90
1251 100
1251.5 100
1252 105
1252.5 105
1253 50
1253.5 50
1254 60
1254.5 60
1255 70
1255.5 70
1256 80
1256.5 80
1257 90
1257.5 90
1258 100
1258.5 100
1259 105
1259.5 105
1260 50
1260.5 50
1261 60
1261.5 60
1262 70
1262.5 70
1263 80
1263.5 80
1264 90
1264.5 90
1265 100
1265.5 100
1266 105
1266.5 105
1267 50
1267.5 50
1268 60
1268.5 60
1269 70
1269.5 70
1270 80
1270.5 80
1271 90
1271.5 90
1272 100
1272.5 100
1273 105
1273.5 105
1274 50
1274.5 50
1275 60
1275.5 60
1276 70
1276.5 70
1277 80
1277.5 80
1278 90
1278.5 90
1279 100
1279.5 100
1280 105
1280.5 105
1281 50
1281.5 50
1282 60
1282.5 60
1283 70
1283.5 70
1284 80
1284.5 80
1285 90
1285.5 90
1286 100
1286.5 100
1287 105
1287.5 105
1288 50
1288.5 50
1289 60
1289.5 60
1290 70
1290.5 70
1291 80
1291.5 80
1292 90
1292.5 90
1293 100
1293.5 100
1294 105
1294.5 105
1295 50
1295.5 50
1296 60
1296.5 60
1297 70
1297.5 70
1298 80
1298.5 80
1299 90
1299.5 90
1300 100
1300.5 100
1301 105
1301.5 105
1302 50
1302.5 50
1303 60
1303.5 60
1304 70
1304.5 70
1305 80
1305.5 80
1306 90
1306.5 90
1307 100
1307.5 100
1308 105
1308.5 105
1309 50
1309.5 50
1310 60
1310.5 60
1311 70
1311.5 70
1312 80
1312.5 80
1313 90
1313.5 90
1314 100
1314.5 100
1315 105
1315.5 105
1316 50
1316.5 50
1317 60
1317.5 60
1318 70
1318.5 70
1319 80
1319.5 80
1320 90
1320.5 90
1321 100
1321.5 100
1322 105
1322.5 105
1323 50
1323.5 50
1324 60
1324.5 60
1325 70
1325.5 70
1326 80
1326.5 80
1327 90
1327.5 90
1328 100
1328.5 100
1329 105
1329.5 105
1330 50
1330.5 50
1331 60
1331.5 60
1332 70
1332.5 70
1333 80
1333.5 80
1334 90
1334.5 90
1335 100
1335.5 100
1336 105
1336.5 105
1337 50
1337.5 50
1338 60
1338.5 60
1339 70
1339.5 70
1340 80
1340.5 80
1341 90
1341.5 90
1342 100
1342.5 100
1343 105
1343.5 105
1344 50
1344.5 50
1345 60
1345.5 60
1346 70
1346.5 70
1347 80
1347.5 80
1348 90
1348.5 90
1349 100
1349.5 100
1350 105
1350.5 105
1351 50
1351.5 50
1352 60
1352.5 60
1353 70
1353.5 70
1354 80
1354.5 80
1355 90
1355.5 90
1356 100
1356.5 100
1357 105
1357.5 105
1358 50
1358.5 50
1359 60
1359.5 60
1360 70
1360.5 70
1361 80
1361.5 80
1362 90
1362.5 90
1363 100
1363.5 100
1364 105
1364.5 105
1365 50
1365.5 50
1366 60
1366.5 60
1367 70
1367.5 70
1368 80
1368.5 80
1369 90
1369.5 90
1370 100
1370.5 100
1371 105
1371.5 105
1372 50
1372.5 50
1373 60
1373.5 60
1374 70
1374.5 70
1375 80
1375.5 80
1376 90
1376.5 90
1377 100
1377.5 100
1378 105
1378.5 105
1379 50
1379.5 50
1380 60
1380.5 60
1381 70
1381.5 70
1382 80
1382.5 80
1383 90
1383.5 90
1384 100
1384.5 100
1385 105
1385.5 105
1386 50
1386.5 50
1387 60
1387.5 60
1388 70
1388.5 70
1389 80
1389.5 80
1390 90
1390.5 90
1391 100
1391.5 100
1392 105
1392.5 105
1393 50
1393.5 50
1394 60
1394.5 60
1395 70
1395.5 70
1396 80
1396.5 80
1397 90
1397.5 90
1398 100
1398.5 100
1399 105
1399.5 105
1400 50
1400.5 50
1401 60
1401.5 60
1402 70
1402.5 70
1403 80
1403.5 80
1404 90
1404.5 90
1405 100
1405.5 100
1406 105
1406.5 105
1407 50
1407.5 50
1408 60
1408.5 60
1409 70
1409.5 70
1410 80
1410.5 80
1411 90
1411.5 90
1412 100
1412.5 100
1413 105
1413.5 105
1414 50
1414.5 50
1415 60
1415.5 60
1416 70
1416.5 70
1417 80
1417.5 80
1418 90
1418.5 90
1419 100
1419.5 100
1420 105
1420.5 105
1421 50
1421.5 50
1422 60
1422.5 60
1423 70
1423.5 70
1424 80
1424.5 80
1425 90
1425.5 90
1426 100
1426.5 100
1427 105
1427.5 105
1428 50
1428.5 50
1429 60
1429.5 60
1430 70
1430.5 70
1431 80
1431.5 80
1432 90
1432.5 90
1433 100
1433.5 100
1434 105
1434.5 105
1435 50
1435.5 50
1436 60
1436.5 60
1437 70
1437.5 70
1438 80
1438.5 80
1439 90
1439.5 90
1440 100
1440.5 100
1441 105
1441.5 105
1442 50
1442.5 50
1443 60
1443.5 60
1444 70
1444.5 70
1445 80
1445.5 80
1446 90
1446.5 90
1447 100
1447.5 100
1448 105
1448.5 105
1449 50
1449.5 50
1450 60
1450.5 60
1451 70
1451.5 70
1452 80
1452.5 80
1453 90
1453.5 90
1454 100
1454.5 100
1455 105
1455.5 105
1456 50
1456.5 50
1457 60
1457.5 60
1458 70
1458.5 70
1459 80
1459.5 80
1460 90
1460.5 90
1461 100
1461.5 100
1462 105
1462.5 105
1463 50
1463.5 50
1464 60
1464.5 60
1465 70
1465.5 70
1466 80
1466.5 80
1467 90
1467.5 90
1468 100
1468.5 100
1469 105
1469.5 105
1470 50
1470.5 50
1471 60
1471.5 60
1472 70
1472.5 70
1473 80
1473.5 80
1474 90
1474.5 90
1475 100
1475.5 100
1476 105
1476.5 105
1477 50
1477.5 50
1478 60
1478.5 60
1479 70
1479.5 70
1480 80
1480.5 80
1481 90
1481.5 90
1482 100
1482.5 100
1483 105
1483.5 105
1484 50
1484.5 50
1485 60
1485.5 60
1486 70
1486.5 70
1487 80
1487.5 80
1488 90
1488.5 90
1489 100
1489.5 100
1490 105
1490.5 105
1491 50
1491.5 50
1492 60
1492.5 60
1493 70
1493.5 70
1494 80
1494.5 80
1495 90
1495.5 90
1496 100
1496.5 100
1497 105
1497.5 105
1498 50
1498.5 50
1499 60
1499.5 60
1500 70
1500.5 70
1501 80
1501.5 80
1502 90
1502.5 90
1503 100
1503.5 100
1504 105
1504.5 105
1505 50
1505.5 50
1506 60
1506.5 60
1507 70
1507.5 70
1508 80
1508.5 80
1509 90
1509.5 90
1510 100
1510.5 100
1511 105
1511.5 105
1512 50
1512.5 50
1513 60
1513.5 60
1514 70
1514.5 70
1515 80
1515.5 80
1516 90
1516.5 90
1517 100
1517.5 100
1518 105
1518.5 105
1519 50
1519.5 50
1520 60
1520.5 60
1521 70
1521.5 70
1522 80
1522.5 80
1523 90
1523.5 90
1524 100
1524.5 100
1525 105
1525.5 105
1526 50
1526.5 50
1527 60
1527.5 60
1528 70
1528.5 70
1529 80
1529.5 80
1530 90
1530.5 90
1531 100
1531.5 100
1532 105
1532.5 105
1533 50
1533.5 50
1534 60
1534.5 60
1535 70
1535.5 70
1536 80
1536.5 80
1537 90
1537.5 90
1538 100
1538.5 100
1539 105
1539.5 105
1540 50
1540.5 50
1541 60
1541.5 60
1542 70
1542.5 70
1543 80
1543.5 80
1544 90
1544.5 90
1545 100
1545.5 100
1546 105
1546.5 105
1547 50
1547.5 50
1548 60
1548.5 60
1549 70
1549.5 70
1550 80
1550.5 80
1551 90
1551.5 90
1552 100
1552.5 100
1553 105
1553.5 105
1554 50
1554.5 50
1555 60
1555.5 60
1556 70
1556.5 70
1557 80
1557.5 80
1558 90
1558.5 90
1559 100
1559.5 100
1560 105
1560.5 105
1561 50
1561.5 50
1562 60
1562.5 60
1563 70
1563.5 70
1564 80
1564.5 80
1565 90
1565.5 90
1566 100
1566.5 100
1567 105
1567.5 105
1568 50
1568.5 50
1569 60
1569.5 60
1570 70
1570.5 70
1571 80
1571.5 80
1572 90
1572.5 90
1573 100
1573.5 100
1574 105
1574.5 105
1575 50
1575.5 50
1576 60
1576.5 60
1577 70
1577.5 70
1578 80
1578.5 80
1579 90
1579.5 90
1580 100
1580.5 100
1581 105
1581.5 105
1582 50
1582.5 50
1583 60
1583.5 60
1584 70
1584.5 70
1585 80
1585.5 80
1586 90
1586.5 90
1587 100
1587.5 100
1588 105
1588.5 105
1589 50
1589.5 50
1590 60
1590.5 60
1591 70
1591.5 70
1592 80
1592.5 80
1593 90
1593.5 90
1594 100
1594.5 100
1595 105
1595.5 105
1596 50
1596.5 50
1597 60
1597.5 60
1598 70
1598.5 70
1599 80
1599.5 80
1600 90
1600.5 90
1601 100
1601.5 100
1602 105
1602.5 105
1603 50
1603.5 50
1604 60
1604.5 60
1605 70
1605.5 70
1606 80
1606.5 80
1607 90
1607.5 90
1608 100
1608.5 100
1609 105
1609.5 105
1610 50
1610.5 50
1611 60
1611.5 60
1612 70
1612.5 70
1613 80
1613.5 80
1614 90
1614.5 90
1615 100
1615.5 100
1616 105
1616.5 105
1617 50
1617.5 50
1618 60
1618.5 60
1619 70
1619.5 70
1620 80
1620.5 80
1621 90
1621.5 90
1622 100
1622.5 100
1623 105
1623.5 105
1624 50
1624.5 50
1625 60
1625.5 60
1626 70
1626.5 70
1627 80
1627.5 80
1628 90
1628.5 90
1629 100
1629.5 100
1630 105
1630.5 105
1631 50
1631.5 50
1632 60
1632.5 60
1633 70
1633.5 70
1634 80
1634.5 80
1635 90
1635.5 90
1636 100
1636.5 100
1637 105
1637.5 105
1638 50
1638.5 50
1639 60
1639.5 60
1640 70
1640.5 70
1641 80
1641.5 80
1642 90
1642.5 90
1643 100
1643.5 100
1644 105
1644.5 105
1645 50
1645.5 50
1646 60
1646.5 60
1647 70
1647.5 70
1648 80
1648.5 80
1649 90
1649.5 90
1650 100
1650.5 100
1651 105
1651.5 105
1652 50
1652.5 50
1653 60
1653.5 60
1654 70
1654.5 70
1655 80
1655.5 80
1656 90
1656.5 90
1657 100
1657.5 100
1658 105
1658.5 105
1659 50
1659.5 50
1660 60
1660.5 60
1661 70
1661.5 70
1662 80
1662.5 80
1663 90
1663.5 90
1664 100
1664.5 100
1665 105
1665.5 105
1666 50
1666.5 50
1667 60
1667.5 60
1668 70
1668.5 70
1669 80
1669.5 80
1670 90
1670.5 90
1671 100
1671.5 100
1672 105
1672.5 105
1673 50
1673.5 50
1674 60
1674.5 60
1675 70
1675.5 70
1676 80
1676.5 80
1677 90
1677.5 90
1678 100
1678.5 100
1679 105
1679.5 105
1680 50
1680.5 50
1681 60
1681.5 60
1682 70
1682.5 70
1683 80
1683.5 80
1684 90
1684.5 90
1685 100
1685.5 100
1686 105
1686.5 105
1687 50
1687.5 50
1688 60
1688.5 60
1689 70
1689.5 70
1690 80
1690.5 80
1691 90
1691.5 90
1692 100
1692.5 100
1693 105
1693.5 105
1694 50
1694.5 50
1695 60
1695.5 60
1696 70
1696.5 70
1697 80
1697.5 80
1698 90
1698.5 90
1699 100
1699.5 100
1700 105
1700.5 105
1701 50
1701.5 50
1702 60
1702.5 60
1703 70
1703.5 70
1704 80
1704.5 80
1705 90
1705.5 90
1706 100
1706.5 100
1707 105
1707.5 105
1708 50
1708.5 50
1709 60
1709.5 60
1710 70
1710.5 70
1711 80
1711.5 80
1712 90
1712.5 90
1713 100
1713.5 100
1714 105
1714.5 105
1715 50
1715.5 50
1716 60
1716.5 60
1717 70
1717.5 70
1718 80
1718.5 80
1719 90
1719.5 90
1720 100
1720.5 100
1721 105
1721.5 105
1722 50
1722.5 50
1723 60
1723.5 60
1724 70
1724.5 70
1725 80
1725.5 80
1726 90
1726.5 90
1727 100
1727.5 100
1728 105
1728.5 105
1729 50
1729.5 50
1730 60
1730.5 60
1731 70
1731.5 70
1732 80
1732.5 80
1733 90
1733.5 90
1734 100
1734.5 100
1735 105
1735.5 105
1736 50
1736.5 50
1737 60
1737.5 60
1738 70
1738.5 70
1739 80
1739.5 80
1740 90
1740.5 90
1741 100
1741.5 100
1742 105
1742.5 105
1743 50
1743.5 50
1744 60
1744.5 60
1745 70
1745.5 70
1746 80
1746.5 80
1747 90
1747.5 90
1748 100
1748.5 100
1749 105
1749.5 105
1750 50
1750.5 50
1751 60
1751.5 60
1752 70
1752.5 70
1753 80
1753.5 80
1754 90
1754.5 90
1755 100
1755.5 100
1756 105
1756.5 105
1757 50
1757.5 50
1758 60
1758.5 60
1759 70
1759.5 70
1760 80
1760.5 80
1761 90
1761.5 90
1762 100
1762.5 100
1763 105
1763.5 105
1764 50
1764.5 50
1765 60
1765.5 60
1766 70
1766.5 70
1767 80
1767.5 80
1768 90
1768.5 90
1769 100
1769.5 100
1770 105
1770.5 105
1771 50
1771.5 50
1772 60
1772.5 60
1773 70
1773.5 70
1774 80
1774.5 80
1775 90
1775.5 90
1776 100
1776.5 100
1777 105
1777.5 105
1778 50
1778.5 50
1779 60
1779.5 60
1780 70
1780.5 70
1781 80
1781.5 80
1782 90
1782.5 90
1783 100
1783.5 100
1784 105
1784.5 105
1785 50
1785.5 50
1786 60
1786.5 60
1787 70
1787.5 70
1788 80
1788.5 80
1789 90
1789.5 90
1790 100
1790.5 100
1791 105
1791.5 105
1792 50
1792.5 50
1793 60
1793.5 60
1794 70
1794.5 70
1795 80
1795.5 80
1796 90
1796.5 90
1797 100
1797.5 100
1798 105
1798.5 105
1799 50
1799.5 50
1800 60
1800.5 60
1801 70
1801.5 70
1802 80
1802.5 80
1803 90
1803.5 90
1804 100
1804.5 100
1805 105
1805.5 105
1806 50
1806.5 50
1807 60
1807.5 60
1808 70
1808.5 70
1809 80
1809.5 80
1810 90
1810.5 90
1811 100
1811.5 100
1812 105
1812.5 105
1813 50
1813.5 50
1814 60
1814.5 60
1815 70
1815.5 70
1816 80
1816.5 80
1817 90
1817.5 90
1818 100
1818.5 100
1819 105
1819.5 105
1820 50
1820.5 50
1821 60
1821.5 60
1822 70
1822.5 70
1823 80
1823.5 80
1824 90
1824.5 90
1825 100
1825.5 100
1826 105
1826.5 105
1827 50
1827.5 50
1828 60
1828.5 60
1829 70
1829.5 70
1830 80
1830.5 80
1831 90
1831.5 90
1832 100
1832.5 100
1833 105
1833.5 105
1834 50
1834.5 50
1835 60
1835.5 60
1836 70
1836.5 70
1837 80
1837.5 80
1838 90
1838.5 90
1839 100
1839.5 100
1840 105
1840.5 105
1841 50
1841.5 50
1842 60
1842.5 60
1843 70
1843.5 70
1844 80
1844.5 80
1845 90
1845.5 90
1846 100
1846.5 100
1847 105
1847.5 105
1848 50
1848.5 50
1849 60
1849.5 60
1850 70
1850.5 70
1851 80
1851.5 80
1852 90
1852.5 90
1853 100
1853.5 100
1854 105
1854.5 105
1855 50
1855.5 50
1856 60
1856.5 60
1857 70
1857.5 70
1858 80
1858.5 80
1859 90
1859.5 90
1860 100
1860.5 100
1861 105
1861.5 105
1862 50
1862.5 50
1863 60
1863.5 60
1864 70
1864.5 70
1865 80
1865.5 80
1866 90
1866.5 90
1867 100
1867.5 100
1868 105
1868.5 105
1869 50
1869.5 50
1870 60
1870.5 60
1871 70
1871.5 70
1872 80
1872.5 80
1873 90
1873.5 90
1874 100
1874.5 100
1875 105
1875.5 105
1876 50
1876.5 50
1877 60
1877.5 60
1878 70
1878.5 70
1879 80
1879.5 80
1880 90
1880.5 90
1881 100
1881.5 100
1882 105
1882.5 105
1883 50
1883.5 50
1884 60
1884.5 60
1885 70
1885.5 70
1886 80
1886.5 80
1887 90
1887.5 90
1888 100
1888.5 100
1889 105
1889.5 105
1890 50
1890.5 50
1891 60
1891.5 60
1892 70
1892.5 70
1893 80
1893.5 80
1894 90
1894.5 90
1895 100
1895.5 100
1896 105
1896.5 105
1897 50
1897.5 50
1898 60
1898.5 60
1899 70
1899.5 70
1900 80
1900.5 80
1901 90
1901.5 90
1902 100
1902.5 100
1903 105
1903.5 105
1904 50
1904.5 50
1905 60
1905.5 60
1906 70
1906.5 70
1907 80
1907.5 80
1908 90
1908.5 90
1909 100
1909.5 100
1910 105
1910.5 105
1911 50
1911.5 50
1912 60
1912.5 60
1913 70
1913.5 70
1914 80
1914.5 80
1915 90
1915.5 90
1916 100
1916.5 100
1917 105
1917.5 105
1918 50
1918.5 50
1919 60
1919.5 60
1920 70
1920.5 70
1921 80
1921.5 80
1922 90
1922.5 90
1923 100
1923.5 100
1924 105
1924.5 105
1925 50
1925.5 50
1926 60
1926.5 60
1927 70
1927.5 70
1928 80
1928.5 80
1929 90
1929.5 90
1930 100
1930.5 100
1931 105
1931.5 105
1932 50
1932.5 50
1933 60
1933.5 60
1934 70
1934.5 70
1935 80
1935.5 80
1936 90
1936.5 90
1937 100
1937.5 100
1938 105
1938.5 105
1939 50
1939.5 50
1940 60
1940.5 60
1941 70
1941.5 70
1942 80
1942.5 80
1943 90
1943.5 90
1944 100
1944.5 100
1945 105
1945.5 105
1946 50
1946.5 50
1947 60
1947.5 60
1948 70
1948.5 70
1949 80
1949.5 80
1950 90
1950.5 90
1951 100
1951.5 100
1952 105
1952.5 105
1953 50
1953.5 50
1954 60
1954.5 60
1955 70
1955.5 70
1956 80
1956.5 80
1957 90
1957.5 90
1958 100
1958.5 100
1959 105
1959.5 105
1960 50
1960.5 50
1961 60
1961.5 60
1962 70
1962.5 70
1963 80
1963.5 80
1964 90
1964.5 90
1965 100
1965.5 100
1966 105
1966.5 105
1967 50
1967.5 50
1968 60
1968.5 60
1969 70
1969.5 70
1970 80
1970.5 80
1971 90
1971.5 90
1972 100
1972.5 100
1973 105
1973.5 105
1974 50
1974.5 50
1975 60
1975.5 60
1976 70
1976.5 70
1977 80
1977.5 80
1978 90
1978.5 90
1979 100
1979.5 100
1980 105
1980.5 105
1981 50
1981.5 50
1982 60
1982.5 60
1983 70
1983.5 70
1984 80
1984.5 80
1985 90
1985.5 90
1986 100
1986.5 100
1987 105
1987.5 105
1988 50
1988.5 50
1989 60
1989.5 60
1990 70
1990.5 70
1991 80
1991.5 80
1992 90
1992.5 90
1993 100
1993.5 100
1994 105
1994.5 105
1995 50
1995.5 50
1996 60
1996.5 60
1997 70
1997.5 70
1998 80
1998.5 80
1999 90
1999.5 90
2000 100
2000.5 100
2001 105
2001.5 105
2002 50
2002.5 50
2003 60
2003.5 60
2004 70
2004.5 70
2005 80
2005.5 80
2006 90
2006.5 90
2007 100
2007.5 100
2008 105
2008.5 105
2009 50
2009.5 50
2010 60
2010.5 60
2011 70
2011.5 70
2012 80
2012.5 80
2013 90
2013.5 90
2014 100
2014.5 100
2015 105
2015.5 105
2016 50
2016.5 50
2017 60
2017.5 60
2018 70
2018.5 70
2019 80
2019.5 80
2020 90
2020.5 90
2021 100
2021.5 100
2022 105
2022.5 105
2023 50
2023.5 50
2024 60
2024.5 60
2025 70
2025.5 70
2026 80
2026.5 80
2027 90
2027.5 90
2028 100
2028.5 100
2029 105
2029.5 105
2030 50
2030.5 50
2031 60
2031.5 60
2032 70
2032.5 70
2033 80
2033.5 80
2034 90
2034.5 90
2035 100
2035.5 100
2036 105
2036.5 105
2037 50
2037.5 50
2038 60
2038.5 60
2039 70
2039.5 70
2040 80
2040.5 80
2041 90
2041.5 90
2042 100
2042.5 100
2043 105
2043.5 105
2044 50
2044.5 50
2045 60
2045.5 60
2046 70
2046.5 70
2047 80
2047.5 80
2048 90
2048.5 90
2049 100
2049.5 100
2050 105
2050.5 105
2051 50
2051.5 50
2052 60
2052.5 60
2053 70
2053.5 70
2054 80
2054.5 80
2055 90
2055.5 90
2056 100
2056.5 100
2057 105
2057.5 105
2058 50
2058.5 50
2059 60
2059.5 60
2060 70
2060.5 70
2061 80
2061.5 80
2062 90
2062.5 90
2063 100
2063.5 100
2064 105
2064.5 105
2065 50
2065.5 50
2066 60
2066.5 60
2067 70
2067.5 70
2068 80
2068.5 80
2069 90
2069.5 90
2070 100
2070.5 100
2071 105
2071.5 105
2072 50
2072.5 50
2073 60
2073.5 60
2074 70
2074.5 70
2075 80
2075.5 80
2076 90
2076.5 90
2077 100
2077.5 100
2078 105
2078.5 105
2079 50
2079.5 50
2080 60
2080.5 60
2081 70
2081.5 70
2082 80
2082.5 80
2083 90
2083.5 90
2084 100
2084.5 100
2085 105
2085.5 105
2086 50
2086.5 50
2087 60
2087.5 60
2088 70
2088.5 70
2089 80
2089.5 80
2090 90
2090.5 90
2091 100
2091.5 100
2092 105
2092.5 105
2093 50
2093.5 50
2094 60
2094.5 60
2095 70
2095.5 70
2096 80
2096.5 80
2097 90
2097.5 90
2098 100
2098.5 100
2099 105
2099.5 105
2100 50
2100.5 50
2101 60
2101.5 60
2102 70
2102.5 70
2103 80
2103.5 80
2104 90
2104.5 90
2105 100
2105.5 100
2106 105
2106.5 105
2107 50
2107.5 50
2108 60
2108.5 60
2109 70
2109.5 70
2110 80
2110.5 80
2111 90
2111.5 90
2112 100
2112.5 100
2113 105
2113.5 105
2114 50
2114.5 50
2115 60
2115.5 60
2116 70
2116.5 70
2117 80
2117.5 80
2118 90
2118.5 90
2119 100
2119.5 100
2120 105
2120.5 105
2121 50
2121.5 50
2122 60
2122.5 60
2123 70
2123.5 70
2124 80
2124.5 80
2125 90
2125.5 90
2126 100
2126.5 100
2127 105
2127.5 105
2128 50
2128.5 50
2129 60
2129.5 60
2130 70
2130.5 70
2131 80
2131.5 80
2132 90
2132.5 90
2133 100
2133.5 100
2134 105
2134.5 105
2135 50
2135.5 50
2136 60
2136.5 60
2137 70
2137.5 70
2138 80
2138.5 80
2139 90
2139.5 90
2140 100
2140.5 100
2141 105
2141.5 105
2142 50
2142.5 50
2143 60
2143.5 60
2144 70
2144.5 70
2145 80
2145.5 80
2146 90
2146.5 90
2147 100
2147.5 100
2148 105
2148.5 105
2149 50
2149.5 50
2150 60
2150.5 60
2151 70
2151.5 70
2152 80
2152.5 80
2153 90
2153.5 90
2154 100
2154.5 100
2155 105
2155.5 105
2156 50
2156.5 50
2157 60
2157.5 60
2158 70
2158.5 70
2159 80
2159.5 80
2160 90
2160.5 90
2161 100
2161.5 100
2162 105
2162.5 105
2163 50
2163.5 50
2164 60
2164.5 60
2165 70
2165.5 70
2166 80
2166.5 80
2167 90
2167.5 90
2168 100
2168.5 100
2169 105
2169.5 105
2170 50
2170.5 50
2171 60
2171.5 60
2172 70
2172.5 70
2173 80
2173.5 80
2174 90
2174.5 90
2175 100
2175.5 100
2176 105
2176.5 105
2177 50
2177.5 50
2178 60
2178.5 60
2179 70
2179.5 70
2180 80
2180.5 80
2181 90
2181.5 90
2182 100
2182.5 100
2183 105
2183.5 105
2184 50
2184.5 50
2185 60
2185.5 60
2186 70
2186.5 70
2187 80
2187.5 80
2188 90
2188.5 90
2189 100
2189.5 100
2190 105
2190.5 105
2191 50
2191.5 50
2192 60
2192.5 60
2193 70
2193.5 70
2194 80
2194.5 80
2195 90
2195.5 90
2196 100
2196.5 100
2197 105
2197.5 105
2198 50
2198.5 50
2199 60
2199.5 60
2200 70
2200.5 70
2201 80
2201.5 80
2202 90
2202.5 90
2203 100
2203.5 100
2204 105
2204.5 105
2205 50
2205.5 50
2206 60
2206.5 60
2207 70
2207.5 70
2208 80
2208.5 80
2209 90
2209.5 90
2210 100
2210.5 100
2211 105
2211.5 105
2212 50
2212.5 50
2213 60
2213.5 60
2214 70
2214.5 70
2215 80
2215.5 80
2216 90
2216.5 90
2217 100
2217.5 100
2218 105
2218.5 105
2219 50
2219.5 50
2220 60
2220.5 60
2221 70
2221.5 70
2222 80
2222.5 80
2223 90
2223.5 90
2224 100
2224.5 100
2225 105
2225.5 105
2226 50
2226.5 50
2227 60
2227.5 60
2228 70
2228.5 70
2229 80
2229.5 80
2230 90
2230.5 90
2231 100
2231.5 100
2232 105
2232.5 105
2233 50
2233.5 50
2234 60
2234.5 60
2235 70
2235.5 70
2236 80
2236.5 80
2237 90
2237.5 90
2238 100
2238.5 100
2239 105
2239.5 105
2240 50
2240.5 50
2241 60
2241.5 60
2242 70
2242.5 70
2243 80
2243.5 80
2244 90
2244.5 90
2245 100
2245.5 100
2246 105
2246.5 105
2247 50
2247.5 50
2248 60
2248.5 60
2249 70
2249.5 70
2250 80
2250.5 80
2251 90
2251.5 90
2252 100
2252.5 100
2253 105
2253.5 105
2254 50
2254.5 50
2255 60
2255.5 60
2256 70
2256.5 70
2257 80
2257.5 80
2258 90
2258.5 90
2259 100
2259.5 100
2260 105
2260.5 105
2261 50
2261.5 50
2262 60
2262.5 60
2263 70
2263.5 70
2264 80
2264.5 80
2265 90
2265.5 90
2266 100
2266.5 100
2267 105
2267.5 105
2268 50
2268.5 50
2269 60
2269.5 60
2270 70
2270.5 70
2271 80
2271.5 80
2272 90
2272.5 90
2273 100
2273.5 100
2274 105
2274.5 105
2275 50
2275.5 50
2276 60
2276.5 60
2277 70
2277.5 70
2278 80
2278.5 80
2279 90
2279.5 90
2280 100
2280.5 100
2281 105
2281.5 105
2282 50
2282.5 50
2283 60
2283.5 60
2284 70
2284.5 70
2285 80
2285.5 80
2286 90
2286.5 90
2287 100
2287.5 100
2288 105
2288.5 105
2289 50
2289.5 50
2290 60
2290.5 60
2291 70
2291.5 70
2292 80
2292.5 80
2293 90
2293.5 90
2294 100
2294.5 100
2295 105
2295.5 105
2296 50
2296.5 50
2297 60
2297.5 60
2298 70
2298.5 70
2299 80
2299.5 80
2300 90
2300.5 90
2301 100
2301.5 100
2302 105
2302.5 105
2303 50
2303.5 50
2304 60
2304.5 60
2305 70
2305.5 70
2306 80
2306.5 80
2307 90
2307.5 90
2308 100
2308.5 100
2309 105
2309.5 105
2310 50
2310.5 50
2311 60
2311.5 60
2312 70
2312.5 70
2313 80
2313.5 80
2314 90
2314.5 90
2315 100
2315.5 100
2316 105
2316.5 105
2317 50
2317.5 50
2318 60
2318.5 60
2319 70
2319.5 70
2320 80
2320.5 80
2321 90
2321.5 90
2322 100
2322.5 100
2323 105
2323.5 105
2324 50
2324.5 50
2325 60
2325.5 60
2326 70
2326.5 70
2327 80
2327.5 80
2328 90
2328.5 90
2329 100
2329.5 100
2330 105
2330.5 105
2331 50
2331.5 50
2332 60
2332.5 60
2333 70
2333.5 70
2334 80
2334.5 80
2335 90
2335.5 90
2336 100
2336.5 100
2337 105
2337.5 105
2338 50
2338.5 50
2339 60
2339.5 60
2340 70
2340.5 70
2341 80
2341.5 80
2342 90
2342.5 90
2343 100
2343.5 100
2344 105
2344.5 105
2345 50
2345.5 50
2346 60
2346.5 60
2347 70
2347.5 70
2348 80
2348.5 80
2349 90
2349.5 90
2350 100
2350.5 100
2351 105
2351.5 105
2352 50
2352.5 50
2353 60
2353.5 60
2354 70
2354.5 70
2355 80
2355.5 80
2356 90
2356.5 90
2357 100
2357.5 100
2358 105
2358.5 105
2359 50
2359.5 50
2360 60
2360.5 60
2361 70
2361.5 70
2362 80
2362.5 80
2363 90
2363.5 90
2364 100
2364.5 100
2365 105
2365.5 105
2366 50
2366.5 50
2367 60
2367.5 60
2368 70
2368.5 70
2369 80
2369.5 80
2370 90
2370.5 90
2371 100
2371.5 100
2372 105
2372.5 105
2373 50
2373.5 50
2374 60
2374.5 60
2375 70
2375.5 70
2376 80
2376.5 80
2377 90
2377.5 90
2378 100
2378.5 100
2379 105
2379.5 105
2380 50
2380.5 50
2381 60
2381.5 60
2382 70
2382.5 70
2383 80
2383.5 80
2384 90
2384.5 90
2385 100
2385.5 100
2386 105
2386.5 105
2387 50
2387.5 50
2388 60
2388.5 60
2389 70
2389.5 70
2390 80
2390.5 80
2391 90
2391.5 90
2392 100
2392.5 100
2393 105
2393.5 105
2394 50
2394.5 50
2395 60
2395.5 60
2396 70
2396.5 70
2397 80
2397.5 80
2398 90
2398.5 90
2399 100
2399.5 100
2400 105
2400.5 105
2401 50
2401.5 50
2402 60
2402.5 60
2403 70
2403.5 70
2404 80
2404.5 80
2405 90
2405.5 90
2406 100
2406.5 100
2407 105
2407.5 105
2408 50
2408.5 50
2409 60
2409.5 60
2410 70
2410.5 70
2411 80
2411.5 80
2412 90
2412.5 90
2413 100
2413.5 100
2414 105
2414.5 105
2415 50
2415.5 50
2416 60
2416.5 60
2417 70
2417.5 70
2418 80
2418.5 80
2419 90
2419.5 90
2420 100
2420.5 100
2421 105
2421.5 105
2422 50
2422.5 50
2423 60
2423.5 60
2424 70
2424.5 70
2425 80
2425.5 80
2426 90
2426.5 90
2427 100
2427.5 100
2428 105
2428.5 105
2429 50
2429.5 50
2430 60
2430.5 60
2431 70
2431.5 70
2432 80
2432.5 80
2433 90
2433.5 90
2434 100
2434.5 100
2435 105
2435.5 105
2436 50
2436.5 50
2437 60
2437.5 60
2438 70
2438.5 70
2439 80
2439.5 80
2440 90
2440.5 90
2441 100
2441.5 100
2442 105
2442.5 105
2443 50
2443.5 50
2444 60
2444.5 60
2445 70
2445.5 70
2446 80
2446.5 80
2447 90
2447.5 90
2448 100
2448.5 100
2449 105
2449.5 105
2450 50
2450.5 50
2451 60
2451.5 60
2452 70
2452.5 70
2453 80
2453.5 80
2454 90
2454.5 90
2455 100
2455.5 100
2456 105
2456.5 105
2457 50
2457.5 50
2458 60
2458.5 60
2459 70
2459.5 70
2460 80
2460.5 80
2461 90
2461.5 90
2462 100
2462.5 100
2463 105
2463.5 105
2464 50
2464.5 50
2465 60
2465.5 60
2466 70
2466.5 70
2467 80
2467.5 80
2468 90
2468.5 90
2469 100
2469.5 100
2470 105
2470.5 105
2471 50
2471.5 50
2472 60
2472.5 60
2473 70
2473.5 70
2474 80
2474.5 80
2475 90
2475.5 90
2476 100
2476.5 100
2477 105
2477.5 105
2478 50
2478.5 50
2479 60
2479.5 60
2480 70
2480.5 70
2481 80
2481.5 80
2482 90
2482.5 90
2483 100
2483.5 100
2484 105
2484.5 105
2485 50
2485.5 50
2486 60
2486.5 60
2487 70
2487.5 70
2488 80
2488.5 80
2489 90
2489.5 90
2490 100
2490.5 100
2491 105
2491.5 105
2492 50
2492.5 50
2493 60
2493.5 60
2494 70
2494.5 70
2495 80
2495.5 80
2496 90
2496.5 90
2497 100
2497.5 100
2498 105
2498.5 105
2499 50
2499.5 50
2500 60
2500.5 60
2501 70
2501.5 70
2502 80
2502.5 80
2503 90
2503.5 90
2504 100
2504.5 100
2505 105
2505.5 105
2506 50
2506.5 50
2507 60
2507.5 60
2508 70
2508.5 70
2509 80
2509.5 80
2510 90
2510.5 90
2511 100
2511.5 100
2512 105
2512.5 105
2513 50
2513.5 50
2514 60
2514.5 60
2515 70
2515.5 70
2516 80
2516.5 80
2517 90
2517.5 90
2518 100
2518.5 100
2519 105
2519.5 105
2520 50
2520.5 50
2521 60
2521.5 60
2522 70
2522.5 70
2523 80
2523.5 80
2524 90
2524.5 90
2525 100
2525.5 100
2526 105
2526.5 105
2527 50
2527.5 50
2528 60
2528.5 60
2529 70
2529.5 70
2530 80
2530.5 80
2531 90
2531.5 90
2532 100
2532.5 100
2533 105
2533.5 105
2534 50
2534.5 50
2535 60
2535.5 60
2536 70
2536.5 70
2537 80
2537.5 80
2538 90
2538.5 90
2539 100
2539.5 100
2540 105
2540.5 105
2541 50
2541.5 50
2542 60
2542.5 60
2543 70
2543.5 70
2544 80
2544.5 80
2545 90
2545.5 90
2546 100
2546.5 100
2547 105
2547.5 105
2548 50
2548.5 50
2549 60
2549.5 60
2550 70
2550.5 70
2551 80
2551.5 80
2552 90
2552.5 90
2553 100
2553.5 100
2554 105
2554.5 105
2555 50
2555.5 50
2556 60
2556.5 60
2557 70
2557.5 70
2558 80
2558.5 80
2559 90
2559.5 90
2560 100
2560.5 100
2561 105
2561.5 105
2562 50
2562.5 50
2563 60
2563.5 60
2564 70
2564.5 70
2565 80
2565.5 80
2566 90
2566.5 90
2567 100
2567.5 100
2568 105
2568.5 105
2569 50
2569.5 50
2570 60
2570.5 60
2571 70
2571.5 70
2572 80
2572.5 80
2573 90
2573.5 90
2574 100
2574.5 100
2575 105
2575.5 105
2576 50
2576.5 50
2577 60
2577.5 60
2578 70
2578.5 70
2579 80
2579.5 80
2580 90
2580.5 90
2581 100
2581.5 100
2582 105
2582.5 105
2583 50
2583.5 50
2584 60
2584.5 60
2585 70
2585.5 70
2586 80
2586.5 80
2587 90
2587.5 90
2588 100
2588.5 100
2589 105
2589.5 105
2590 50
2590.5 50
2591 60
2591.5 60
2592 70
2592.5 70
2593 80
2593.5 80
2594 90
2594.5 90
2595 100
2595.5 100
2596 105
2596.5 105
2597 50
2597.5 50
2598 60
2598.5 60
2599 70
2599.5 70
2600 80
2600.5 80
2601 90
2601.5 90
2602 100
2602.5 100
2603 105
2603.5 105
2604 50
2604.5 50
2605 60
2605.5 60
2606 70
2606.5 70
2607 80
2607.5 80
2608 90
2608.5 90
2609 100
2609.5 100
2610 105
2610.5 105
2611 50
2611.5 50
2612 60
2612.5 60
2613 70
2613.5 70
2614 80
2614.5 80
2615 90
2615.5 90
2616 100
2616.5 100
2617 105
2617.5 105
2618 50
2618.5 50
2619 60
2619.5 60
2620 70
2620.5 70
2621 80
2621.5 80
2622 90
2622.5 90
2623 100
2623.5 100
2624 105
2624.5 105
2625 50
2625.5 50
2626 60
2626.5 60
2627 70
2627.5 70
2628 80
2628.5 80
2629 90
2629.5 90
2630 100
2630.5 100
2631 105
2631.5 105
2632 50
2632.5 50
2633 60
2633.5 60
2634 70
2634.5 70
2635 80
2635.5 80
2636 90
2636.5 90
2637 100
2637.5 100
2638 105
2638.5 105
2639 50
2639.5 50
2640 60
2640.5 60
2641 70
2641.5 70
2642 80
2642.5 80
2643 90
2643.5 90
2644 100
2644.5 100
2645 105
2645.5 105
2646 50
2646.5 50
2647 60
2647.5 60
2648 70
2648.5 70
2649 80
2649.5 80
2650 90
2650.5 90
2651 100
2651.5 100
2652 105
2652.5 105
2653 50
2653.5 50
2654 60
2654.5 60
2655 70
2655.5 70
2656 80
2656.5 80
2657 90
2657.5 90
2658 100
2658.5 100
2659 105
2659.5 105
2660 50
2660.5 50
2661 60
2661.5 60
2662 70
2662.5 70
2663 80
2663.5 80
2664 90
2664.5 90
2665 100
2665.5 100
2666 105
2666.5 105
2667 50
2667.5 50
2668 60
2668.5 60
2669 70
2669.5 70
2670 80
2670.5 80
2671 90
2671.5 90
2672 100
2672.5 100
2673 105
2673.5 105
2674 50
2674.5 50
2675 60
2675.5 60
2676 70
2676.5 70
2677 80
2677.5 80
2678 90
2678.5 90
2679 100
2679.5 100
2680 105
2680.5 105
2681 50
2681.5 50
2682 60
2682.5 60
2683 70
2683.5 70
2684 80
2684.5 80
2685 90
2685.5 90
2686 100
2686.5 100
2687 105
2687.5 105
2688 50
2688.5 50
2689 60
2689.5 60
2690 70
2690.5 70
2691 80
2691.5 80
2692 90
2692.5 90
2693 100
2693.5 100
2694 105
2694.5 105
2695 50
2695.5 50
2696 60
2696.5 60
2697 70
2697.5 70
2698 80
2698.5 80
2699 90
2699.5 90
2700 100
2700.5 100
2701 105
2701.5 105
2702 50
2702.5 50
2703 60
2703.5 60
2704 70
2704.5 70
2705 80
2705.5 80
2706 90
2706.5 90
2707 100
2707.5 100
2708 105
2708.5 105
2709 50
2709.5 50
2710 60
2710.5 60
2711 70
2711.5 70
2712 80
2712.5 80
2713 90
2713.5 90
2714 100
2714.5 100
2715 105
2715.5 105
2716 50
2716.5 50
2717 60
2717.5 60
2718 70
2718.5 70
2719 80
2719.5 80
2720 90
2720.5 90
2721 100
2721.5 100
2722 105
2722.5 105
2723 50
2723.5 50
2724 60
2724.5 60
2725 70
2725.5 70
2726 80
2726.5 80
2727 90
2727.5 90
2728 100
2728.5 100
2729 105
2729.5 105
2730 50
2730.5 50
2731 60
2731.5 60
2732 70
2732.5 70
2733 80
2733.5 80
2734 90
2734.5 90
2735 100
2735.5 100
2736 105
2736.5 105
2737 50
2737.5 50
2738 60
2738.5 60
2739 70
2739.5 70
2740 80
2740.5 80
2741 90
2741.5 90
2742 100
2742.5 100
2743 105
2743.5 105
2744 50
2744.5 50
2745 60
2745.5 60
2746 70
2746.5 70
2747 80
2747.5 80
2748 90
2748.5 90
2749 100
2749.5 100
2750 105
2750.5 105
2751 50
2751.5 50
2752 60
2752.5 60
2753 70
2753.5 70
2754 80
2754.5 80
2755 90
2755.5 90
2756 100
2756.5 100
2757 105
2757.5 105
2758 50
2758.5 50
2759 60
2759.5 60
2760 70
2760.5 70
2761 80
2761.5 80
2762 90
2762.5 90
2763 100
2763.5 100
2764 105
2764.5 105
2765 50
2765.5 50
2766 60
2766.5 60
2767 70
2767.5 70
2768 80
2768.5 80
2769 90
2769.5 90
2770 100
2770.5 100
2771 105
2771.5 105
2772 50
2772.5 50
2773 60
2773.5 60
2774 70
2774.5 70
2775 80
2775.5 80
2776 90
2776.5 90
2777 100
2777.5 100
2778 105
2778.5 105
2779 50
2779.5 50
2780 60
2780.5 60
2781 70
2781.5 70
2782 80
2782.5 80
2783 90
2783.5 90
2784 100
2784.5 100
2785 105
2785.5 105
2786 50
2786.5 50
2787 60
2787.5 60
2788 70
2788.5 70
2789 80
2789.5 80
2790 90
2790.5 90
2791 100
2791.5 100
2792 105
2792.5 105
2793 50
2793.5 50
2794 60
2794.5 60
2795 70
2795.5 70
2796 80
2796.5 80
2797 90
2797.5 90
2798 100
2798.5 100
2799 105
2799.5 105
2800 50
2800.5 50
2801 60
2801.5 60
2802 70
2802.5 70
2803 80
2803.5 80
2804 90
2804.5 90
2805 100
2805.5 100
2806 105
2806.5 105
2807 50
2807.5 50
2808 60
2808.5 60
2809 70
2809.5 70
2810 80
2810.5 80
2811 90
2811.5 90
2812 100
2812.5 100
2813 105
2813.5 105
2814 50
2814.5 50
2815 60
2815.5 60
2816 70
2816.5 70
2817 80
2817.5 80
2818 90
2818.5 90
2819 100
2819.5 100
2820 105
2820.5 105
2821 50
2821.5 50
2822 60
2822.5 60
2823 70
2823.5 70
2824 80
2824.5 80
2825 90
2825.5 90
2826 100
2826.5 100
2827 105
2827.5 105
2828 50
2828.5 50
2829 60
2829.5 60
2830 70
2830.5 70
2831 80
2831.5 80
2832 90
2832.5 90
2833 100
2833.5 100
2834 105
2834.5 105
2835 50
2835.5 50
2836 60
2836.5 60
2837 70
2837.5 70
2838 80
2838.5 80
2839 90
2839.5 90
2840 100
2840.5 100
2841 105
2841.5 105
2842 50
2842.5 50
2843 60
2843.5 60
2844 70
2844.5 70
2845 80
2845.5 80
2846 90
2846.5 90
2847 100
2847.5 100
2848 105
2848.5 105
2849 50
2849.5 50
2850 60
2850.5 60
2851 70
2851.5 70
2852 80
2852.5 80
2853 90
2853.5 90
2854 100
2854.5 100
2855 105
2855.5 105
2856 50
2856.5 50
2857 60
2857.5 60
2858 70
2858.5 70
2859 80
2859.5 80
2860 90
2860.5 90
2861 100
2861.5 100
2862 105
2862.5 105
2863 50
2863.5 50
2864 60
2864.5 60
2865 70
2865.5 70
2866 80
2866.5 80
2867 90
2867.5 90
2868 100
2868.5 100
2869 105
2869.5 105
2870 50
2870.5 50
2871 60
2871.5 60
2872 70
2872.5 70
2873 80
2873.5 80
2874 90
2874.5 90
2875 100
2875.5 100
2876 105
2876.5 105
2877 50
2877.5 50
2878 60
2878.5 60
2879 70
2879.5 70
2880 80
2880.5 80
2881 90
2881.5 90
2882 100
2882.5 100
2883 105
2883.5 105
2884 50
2884.5 50
2885 60
2885.5 60
2886 70
2886.5 70
2887 80
2887.5 80
2888 90
2888.5 90
2889 100
2889.5 100
2890 105
2890.5 105
2891 50
2891.5 50
2892 60
2892.5 60
2893 70
2893.5 70
2894 80
2894.5 80
2895 90
2895.5 90
2896 100
2896.5 100
2897 105
2897.5 105
2898 50
2898.5 50
2899 60
2899.5 60
2900 70
2900.5 70
2901 80
2901.5 80
2902 90
2902.5 90
2903 100
2903.5 100
2904 105
2904.5 105
2905 50
2905.5 50
2906 60
2906.5 60
2907 70
2907.5 70
2908 80
2908.5 80
2909 90
2909.5 90
2910 100
2910.5 100
2911 105
2911.5 105
2912 50
2912.5 50
2913 60
2913.5 60
2914 70
2914.5 70
2915 80
2915.5 80
2916 90
2916.5 90
2917 100
2917.5 100
2918 105
2918.5 105
2919 50
2919.5 50
2920 60
2920.5 60
2921 70
2921.5 70
2922 80
2922.5 80
2923 90
2923.5 90
2924 100
2924.5 100
2925 105
2925.5 105
2926 50
2926.5 50
2927 60
2927.5 60
2928 70
2928.5 70
2929 80
2929.5 80
2930 90
2930.5 90
2931 100
2931.5 100
2932 105
2932.5 105
2933 50
2933.5 50
2934 60
2934.5 60
2935 70
2935.5 70
2936 80
2936.5 80
2937 90
2937.5 90
2938 100
2938.5 100
2939 105
2939.5 105
2940 50
2940.5 50
2941 60
2941.5 60
2942 70
2942.5 70
2943 80
2943.5 80
2944 90
2944.5 90
2945 100
2945.5 100
2946 105
2946.5 105
2947 50
2947.5 50
2948 60
2948.5 60
2949 70
2949.5 70
2950 80
2950.5 80
2951 90
2951.5 90
2952 100
2952.5 100
2953 105
2953.5 105
2954 50
2954.5 50
2955 60
2955.5 60
2956 70
2956.5 70
2957 80
2957.5 80
2958 90
2958.5 90
2959 100
2959.5 100
2960 105
2960.5 105
2961 50
2961.5 50
2962 60
2962.5 60
2963 70
2963.5 70
2964 80
2964.5 80
2965 90
2965.5 90
2966 100
2966.5 100
2967 105
2967.5 105
2968 50
2968.5 50
2969 60
2969.5 60
2970 70
2970.5 70
2971 80
2971.5 80
2972 90
2972.5 90
2973 100
2973.5 100
2974 105
2974.5 105
2975 50
2975.5 50
2976 60
2976.5 60
2977 70
2977.5 70
2978 80
2978.5 80
2979 90
2979.5 90
2980 100
2980.5 100
2981 105
2981.5 105
2982 50
2982.5 50
2983 60
2983.5 60
2984 70
2984.5 70
2985 80
2985.5 80
2986 90
2986.5 90
2987 100
2987.5 100
2988 105
2988.5 105
2989 50
2989.5 50
2990 60
2990.5 60
2991 70
2991.5 70
2992 80
2992.5 80
2993 90
2993.5 90
2994 100
2994.5 100
2995 105
2995.5 105
2996 50
2996.5 50
2997 60
2997.5 60
2998 70
2998.5 70
2999 80
2999.5 80
3000 90
3000.5 90
3001 100
3001.5 100
3002 105
3002.5 105
3003 50
3003.5 50
3004 60
3004.5 60
3005 70
3005.5 70
3006 80
3006.5 80
3007 90
3007.5 90
3008 100
3008.5 100
3009 105
3009.5 105
3010 50
3010.5 50
3011 60
3011.5 60
3012 70
3012.5 70
3013 80
3013.5 80
3014 90
3014.5 90
3015 100
3015.5 100
3016 105
3016.5 105
3017 50
3017.5 50
3018 60
3018.5 60
3019 70
3019.5 70
3020 80
3020.5 80
3021 90
3021.5 90
3022 100
3022.5 100
3023 105
3023.5 105
3024 50
3024.5 50
3025 60
3025.5 60
3026 70
3026.5 70
3027 80
3027.5 80
3028 90
3028.5 90
3029 100
3029.5 100
3030 105
3030.5 105
3031 50
3031.5 50
3032 60
3032.5 60
3033 70
3033.5 70
3034 80
3034.5 80
3035 90
3035.5 90
3036 100
3036.5 100
3037 105
3037.5 105
3038 50
3038.5 50
3039 60
3039.5 60
3040 70
3040.5 70
3041 80
3041.5 80
3042 90
3042.5 90
3043 100
3043.5 100
3044 105
3044.5 105
3045 50
3045.5 50
3046 60
3046.5 60
3047 70
3047.5 70
3048 80
3048.5 80
3049 90
3049.5 90
3050 100
3050.5 100
3051 105
3051.5 105
3052 50
3052.5 50
3053 60
3053.5 60
3054 70
3054.5 70
3055 80
3055.5 80
3056 90
3056.5 90
3057 100
3057.5 100
3058 105
3058.5 105
3059 50
3059.5 50
3060 60
3060.5 60
3061 70
3061.5 70
3062 80
3062.5 80
3063 90
3063.5 90
3064 100
3064.5 100
3065 105
3065.5 105
3066 50
3066.5 50
3067 60
3067.5 60
3068 70
3068.5 70
3069 80
3069.5 80
3070 90
3070.5 90
3071 100
3071.5 100
3072 105
3072.5 105
3073 50
3073.5 50
3074 60
3074.5 60
3075 70
3075.5 70
3076 80
3076.5 80
3077 90
3077.5 90
3078 100
3078.5 100
3079 105
3079.5 105
3080 50
3080.5 50
3081 60
3081.5 60
3082 70
3082.5 70
3083 80
3083.5 80
3084 90
3084.5 90
3085 100
3085.5 100
3086 105
3086.5 105
3087 50
3087.5 50
3088 60
3088.5 60
3089 70
3089.5 70
3090 80
3090.5 80
3091 90
3091.5 90
3092 100
3092.5 100
3093 105
3093.5 105
3094 50
3094.5 50
3095 60
3095.5 60
3096 70
3096.5 70
3097 80
3097.5 80
3098 90
3098.5 90
3099 100
3099.5 100
3100 105
3100.5 105
3101 50
3101.5 50
3102 60
3102.5 60
3103 70
3103.5 70
3104 80
3104.5 80
3105 90
3105.5 90
3106 100
3106.5 100
3107 105
3107.5 105
3108 50
3108.5 50
3109 60
3109.5 60
3110 70
3110.5 70
3111 80
3111.5 80
3112 90
3112.5 90
3113 100
3113.5 100
3114 105
3114.5 105
3115 50
3115.5 50
3116 60
3116.5 60
3117 70
3117.5 70
3118 80
3118.5 80
3119 90
3119.5 90
3120 100
3120.5 100
3121 105
3121.5 105
3122 50
3122.5 50
3123 60
3123.5 60
3124 70
3124.5 70
3125 80
3125.5 80
3126 90
3126.5 90
3127 100
3127.5 100
3128 105
3128.5 105
3129 50
3129.5 50
3130 60
3130.5 60
3131 70
3131.5 70
3132 80
3132.5 80
3133 90
3133.5 90
3134 100
3134.5 100
3135 105
3135.5 105
3136 50
3136.5 50
3137 60
3137.5 60
3138 70
3138.5 70
3139 80
3139.5 80
3140 90
3140.5 90
3141 100
3141.5 100
3142 105
3142.5 105
3143 50
3143.5 50
3144 60
3144.5 60
3145 70
3145.5 70
3146 80
3146.5 80
3147 90
3147.5 90
3148 100
3148.5 100
3149 105
3149.5 105
3150 50
3150.5 50
3151 60
3151.5 60
3152 70
3152.5 70
3153 80
3153.5 80
3154 90
3154.5 90
3155 100
3155.5 100
3156 105
3156.5 105
3157 50
3157.5 50
3158 60
3158.5 60
3159 70
3159.5 70
3160 80
3160.5 80
3161 90
3161.5 90
3162 100
3162.5 100
3163 105
3163.5 105
3164 50
3164.5 50
3165 60
3165.5 60
3166 70
3166.5 70
3167 80
3167.5 80
3168 90
3168.5 90
3169 100
3169.5 100
3170 105
3170.5 105
3171 50
3171.5 50
3172 60
3172.5 60
3173 70
3173.5 70
3174 80
3174.5 80
3175 90
3175.5 90
3176 100
3176.5 100
3177 105
3177.5 105
3178 50
3178.5 50
3179 60
3179.5 60
3180 70
3180.5 70
3181 80
3181.5 80
3182 90
3182.5 90
3183 100
3183.5 100
3184 105
3184.5 105
3185 50
3185.5 50
3186 60
3186.5 60
3187 70
3187.5 70
3188 80
3188.5 80
3189 90
3189.5 90
3190 100
3190.5 100
3191 105
3191.5 105
3192 50
3192.5 50
3193 60
3193.5 60
3194 70
3194.5 70
3195 80
3195.5 80
3196 90
3196.5 90
3197 100
3197.5 100
3198 105
3198.5 105
3199 50
3199.5 50
3200 60
3200.5 60
3201 70
3201.5 70
3202 80
3202.5 80
3203 90
3203.5 90
3204 100
3204.5 100
3205 105
3205.5 105
3206 50
3206.5 50
3207 60
3207.5 60
3208 70
3208.5 70
3209 80
3209.5 80
3210 90
3210.5 90
3211 100
3211.5 100
3212 105
3212.5 105
3213 50
3213.5 50
3214 60
3214.5 60
3215 70
3215.5 70
3216 80
3216.5 80
3217 90
3217.5 90
3218 100
3218.5 100
3219 105
3219.5 105
3220 50
3220.5 50
3221 60
3221.5 60
3222 70
3222.5 70
3223 80
3223.5 80
3224 90
3224.5 90
3225 100
3225.5 100
3226 105
3226.5 105
3227 50
3227.5 50
3228 60
3228.5 60
3229 70
3229.5 70
3230 80
3230.5 80
3231 90
3231.5 90
3232 100
3232.5 100
3233 105
3233.5 105
3234 50
3234.5 50
3235 60
3235.5 60
3236 70
3236.5 70
3237 80
3237.5 80
3238 90
3238.5 90
3239 100
3239.5 100
3240 105
3240.5 105
3241 50
3241.5 50
3242 60
3242.5 60
3243 70
3243.5 70
3244 80
3244.5 80
3245 90
3245.5 90
3246 100
3246.5 100
3247 105
3247.5 105
3248 50
3248.5 50
3249 60
3249.5 60
3250 70
3250.5 70
3251 80
3251.5 80
3252 90
3252.5 90
3253 100
3253.5 100
3254 105
3254.5 105
3255 50
3255.5 50
3256 60
3256.5 60
3257 70
3257.5 70
3258 80
3258.5 80
3259 90
3259.5 90
3260 100
3260.5 100
3261 105
3261.5 105
3262 50
3262.5 50
3263 60
3263.5 60
3264 70
3264.5 70
3265 80
3265.5 80
3266 90
3266.5 90
3267 100
3267.5 100
3268 105
3268.5 105
3269 50
3269.5 50
3270 60
3270.5 60
3271 70
3271.5 70
3272 80
3272.5 80
3273 90
3273.5 90
3274 100
3274.5 100
3275 105
3275.5 105
3276 50
3276.5 50
3277 60
3277.5 60
3278 70
3278.5 70
3279 80
3279.5 80
3280 90
3280.5 90
3281 100
3281.5 100
3282 105
3282.5 105
3283 50
3283.5 50
3284 60
3284.5 60
3285 70
3285.5 70
3286 80
3286.5 80
3287 90
3287.5 90
3288 100
3288.5 100
3289 105
3289.5 105
3290 50
3290.5 50
3291 60
3291.5 60
3292 70
3292.5 70
3293 80
3293.5 80
3294 90
3294.5 90
3295 100
3295.5 100
3296 105
3296.5 105
3297 50
3297.5 50
3298 60
3298.5 60
3299 70
3299.5 70
3300 80
3300.5 80
3301 90
3301.5 90
3302 100
3302.5 100
3303 105
3303.5 105
3304 50
3304.5 50
3305 60
3305.5 60
3306 70
3306.5 70
3307 80
3307.5 80
3308 90
3308.5 90
3309 100
3309.5 100
3310 105
3310.5 105
3311 50
3311.5 50
3312 60
3312.5 60
3313 70
3313.5 70
3314 80
3314.5 80
3315 90
3315.5 90
3316 100
3316.5 100
3317 105
3317.5 105
3318 50
3318.5 50
3319 60
3319.5 60
3320 70
3320.5 70
3321 80
3321.5 80
3322 90
3322.5 90
3323 100
3323.5 100
3324 105
3324.5 105
3325 50
3325.5 50
3326 60
3326.5 60
3327 70
3327.5 70
3328 80
3328.5 80
3329 90
3329.5 90
3330 100
3330.5 100
3331 105
3331.5 105
3332 50
3332.5 50
3333 60
3333.5 60
3334 70
3334.5 70
3335 80
3335.5 80
3336 90
3336.5 90
3337 100
3337.5 100
3338 105
3338.5 105
3339 50
3339.5 50
3340 60
3340.5 60
3341 70
3341.5 70
3342 80
3342.5 80
3343 90
3343.5 90
3344 100
3344.5 100
3345 105
3345.5 105
3346 50
3346.5 50
3347 60
3347.5 60
3348 70
3348.5 70
3349 80
3349.5 80
3350 90
3350.5 90
3351 100
3351.5 100
3352 105
3352.5 105
3353 50
3353.5 50
3354 60
3354.5 60
3355 70
3355.5 70
3356 80
3356.5 80
3357 90
3357.5 90
3358 100
3358.5 100
3359 105
3359.5 105
3360 50
3360.5 50
3361 60
3361.5 60
3362 70
3362.5 70
3363 80
3363.5 80
3364 90
3364.5 90
3365 100
3365.5 100
3366 105
3366.5 105
3367 50
3367.5 50
3368 60
3368.5 60
3369 70
3369.5 70
3370 80
3370.5 80
3371 90
3371.5 90
3372 100
3372.5 100
3373 105
3373.5 105
3374 50
3374.5 50
3375 60
3375.5 60
3376 70
3376.5 70
3377 80
3377.5 80
3378 90
3378.5 90
3379 100
3379.5 100
3380 105
3380.5 105
3381 50
3381.5 50
3382 60
3382.5 60
3383 70
3383.5 70
3384 80
3384.5 80
3385 90
3385.5 90
3386 100
3386.5 100
3387 105
3387.5 105
3388 50
3388.5 50
3389 60
3389.5 60
3390 70
3390.5 70
3391 80
3391.5 80
3392 90
3392.5 90
3393 100
3393.5 100
3394 105
3394.5 105
3395 50
3395.5 50
3396 60
3396.5 60
3397 70
3397.5 70
3398 80
3398.5 80
3399 90
3399.5 90
3400 100
3400.5 100
3401 105
3401.5 105
3402 50
3402.5 50
3403 60
3403.5 60
3404 70
3404.5 70
3405 80
3405.5 80
3406 90
3406.5 90
3407 100
3407.5 100
3408 105
3408.5 105
3409 50
3409.5 50
3410 60
3410.5 60
3411 70
3411.5 70
3412 80
3412.5 80
3413 90
3413.5 90
3414 100
3414.5 100
3415 105
3415.5 105
3416 50
3416.5 50
3417 60
3417.5 60
3418 70
3418.5 70
3419 80
3419.5 80
3420 90
3420.5 90
3421 100
3421.5 100
3422 105
3422.5 105
3423 50
3423.5 50
3424 60
3424.5 60
3425 70
3425.5 70
3426 80
3426.5 80
3427 90
3427.5 90
3428 100
3428.5 100
3429 105
3429.5 105
3430 50
3430.5 50
3431 60
3431.5 60
3432 70
3432.5 70
3433 80
3433.5 80
3434 90
3434.5 90
3435 100
3435.5 100
3436 105
3436.5 105
3437 50
3437.5 50
3438 60
3438.5 60
3439 70
3439.5 70
3440 80
3440.5 80
3441 90
3441.5 90
3442 100
3442.5 100
3443 105
3443.5 105
3444 50
3444.5 50
3445 60
3445.5 60
3446 70
3446.5 70
3447 80
3447.5 80
3448 90
3448.5 90
3449 100
3449.5 100
3450 105
3450.5 105
3451 50
3451.5 50
3452 60
3452.5 60
3453 70
3453.5 70
3454 80
3454.5 80
3455 90
3455.5 90
3456 100
3456.5 100
3457 105
3457.5 105
3458 50
3458.5 50
3459 60
3459.5 60
3460 70
3460.5 70
3461 80
3461.5 80
3462 90
3462.5 90
3463 100
3463.5 100
3464 105
3464.5 105
3465 50
3465.5 50
3466 60
3466.5 60
3467 70
3467.5 70
3468 80
3468.5 80
3469 90
3469.5 90
3470 100
3470.5 100
3471 105
3471.5 105
3472 50
3472.5 50
3473 60
3473.5 60
3474 70
3474.5 70
3475 80
3475.5 80
3476 90
3476.5 90
3477 100
3477.5 100
3478 105
3478.5 105
3479 50
3479.5 50
3480 60
3480.5 60
3481 70
3481.5 70
3482 80
3482.5 80
3483 90
3483.5 90
3484 100
3484.5 100
3485 105
3485.5 105
3486 50
3486.5 50
3487 60
3487.5 60
3488 70
3488.5 70
3489 80
3489.5 80
3490 90
3490.5 90
3491 100
3491.5 100
3492 105
3492.5 105
3493 50
3493.5 50
3494 60
3494.5 60
3495 70
3495.5 70
3496 80
3496.5 80
3497 90
3497.5 90
3498 100
3498.5 100
3499 105
3499.5 105
3500 50
3500.5 50
3501 60
3501.5 60
3502 70
3502.5 70
3503 80
3503.5 80
3504 90
3504.5 90
3505 100
3505.5 100
3506 105
3506.5 105
3507 50
3507.5 50
3508 60
3508.5 60
3509 70
3509.5 70
3510 80
3510.5 80
3511 90
3511.5 90
3512 100
3512.5 100
3513 105
3513.5 105
3514 50
3514.5 50
3515 60
3515.5 60
3516 70
3516.5 70
3517 80
3517.5 80
3518 90
3518.5 90
3519 100
3519.5 100
3520 105
3520.5 105
3521 50
3521.5 50
3522 60
3522.5 60
3523 70
3523.5 70
3524 80
3524.5 80
3525 90
3525.5 90
3526 100
3526.5 100
3527 105
3527.5 105
3528 50
3528.5 50
3529 60
3529.5 60
3530 70
3530.5 70
3531 80
3531.5 80
3532 90
3532.5 90
3533 100
3533.5 100
3534 105
3534.5 105
3535 50
3535.5 50
3536 60
3536.5 60
3537 70
3537.5 70
3538 80
3538.5 80
3539 90
3539.5 90
3540 100
3540.5 100
3541 105
3541.5 105
3542 50
3542.5 50
3543 60
3543.5 60
3544 70
3544.5 70
3545 80
3545.5 80
3546 90
3546.5 90
3547 100
3547.5 100
3548 105
3548.5 105
3549 50
3549.5 50
3550 60
3550.5 60
3551 70
3551.5 70
3552 80
3552.5 80
3553 90
3553.5 90
3554 100
3554.5 100
3555 105
3555.5 105
3556 50
3556.5 50
3557 60
3557.5 60
3558 70
3558.5 70
3559 80
3559.5 80
3560 90
3560.5 90
3561 100
3561.5 100
3562 105
3562.5 105
3563 50
3563.5 50
3564 60
3564.5 60
3565 70
3565.5 70
3566 80
3566.5 80
3567 90
3567.5 90
3568 100
3568.5 100
3569 105
3569.5 105
3570 50
3570.5 50
3571 60
3571.5 60
3572 70
3572.5 70
3573 80
3573.5 80
3574 90
3574.5 90
3575 100
3575.5 100
3576 105
3576.5 105
3577 50
3577.5 50
3578 60
3578.5 60
3579 70
3579.5 70
3580 80
3580.5 80
3581 90
3581.5 90
3582 100
3582.5 100
3583 105
3583.5 105
3584 50
3584.5 50
3585 60
3585.5 60
3586 70
3586.5 70
3587 80
3587.5 80
3588 90
3588.5 90
3589 100
3589.5 100
3590 105
3590.5 105
3591 50
3591.5 50
3592 60
3592.5 60
3593 70
3593.5 70
3594 80
3594.5 80
3595 90
3595.5 90
3596 100
3596.5 100
3597 105
3597.5 105
3598 50
3598.5 50
3599 60
3599.5 60
3600 70
3600.5 70
3601 80
3601.5 80
3602 90
3602.5 90
3603 100
3603.5 100
3604 105
3604.5 105
3605 50
3605.5 50
3606 60
3606.5 60
3607 70
3607.5 70
3608 80
3608.5 80
3609 90
3609.5 90
3610 100
3610.5 100
3611 105
3611.5 105
3612 50
3612.5 50
3613 60
3613.5 60
3614 70
3614.5 70
3615 80
3615.5 80
3616 90
3616.5 90
3617 100
3617.5 100
3618 105
3618.5 105
3619 50
3619.5 50
3620 60
3620.5 60
3621 70
3621.5 70
3622 80
3622.5 80
3623 90
3623.5 90
3624 100
3624.5 100
3625 105
3625.5 105
3626 50
3626.5 50
3627 60
3627.5 60
3628 70
3628.5 70
3629 80
3629.5 80
3630 90
3630.5 90
3631 100
3631.5 100
3632 105
3632.5 105
3633 50
3633.5 50
3634 60
3634.5 60
3635 70
3635.5 70
3636 80
3636.5 80
3637 90
3637.5 90
3638 100
3638.5 100
3639 105
3639.5 105
3640 50
3640.5 50
3641 60
3641.5 60
3642 70
3642.5 70
3643 80
3643.5 80
3644 90
3644.5 90
3645 100
3645.5 100
3646 105
3646.5 105
3647 50
3647.5 50
3648 60
3648.5 60
3649 70
3649.5 70
3650 80
3650.5 80
3651 90
3651.5 90
3652 100
3652.5 100
3653 105
3653.5 105
3654 50
3654.5 50
3655 60
3655.5 60
3656 70
3656.5 70
3657 80
3657.5 80
3658 90
3658.5 90
3659 100
3659.5 100
3660 105
3660.5 105
3661 50
3661.5 50
3662 60
3662.5 60
3663 70
3663.5 70
3664 80
3664.5 80
3665 90
3665.5 90
3666 100
3666.5 100
3667 105
3667.5 105
3668 50
3668.5 50
3669 60
3669.5 60
3670 70
3670.5 70
3671 80
3671.5 80
3672 90
3672.5 90
3673 100
3673.5 100
3674 105
3674.5 105
3675 50
3675.5 50
3676 60
3676.5 60
3677 70
3677.5 70
3678 80
3678.5 80
3679 90
3679.5 90
3680 100
3680.5 100
3681 105
3681.5 105
3682 50
3682.5 50
3683 60
3683.5 60
3684 70
3684.5 70
3685 80
3685.5 80
3686 90
3686.5 90
3687 100
3687.5 100
3688 105
3688.5 105
3689 50
3689.5 50
3690 60
3690.5 60
3691 70
3691.5 70
3692 80
3692.5 80
3693 90
3693.5 90
3694 100
3694.5 100
3695 105
3695.5 105
3696 50
3696.5 50
3697 60
3697.5 60
3698 70
3698.5 70
3699 80
3699.5 80
3700 90
3700.5 90
3701 100
3701.5 100
3702 105
3702.5 105
3703 50
3703.5 50
3704 60
3704.5 60
3705 70
3705.5 70
3706 80
3706.5 80
3707 90
3707.5 90
3708 100
3708.5 100
3709 105
3709.5 105
3710 50
3710.5 50
3711 60
3711.5 60
3712 70
3712.5 70
3713 80
3713.5 80
3714 90
3714.5 90
3715 100
3715.5 100
3716 105
3716.5 105
3717 50
3717.5 50
3718 60
3718.5 60
3719 70
3719.5 70
3720 80
3720.5 80
3721 90
3721.5 90
3722 100
3722.5 100
3723 105
3723.5 105
3724 50
3724.5 50
3725 60
3725.5 60
3726 70
3726.5 70
3727 80
3727.5 80
3728 90
3728.5 90
3729 100
3729.5 100
3730 105
3730.5 105
3731 50
3731.5 50
3732 60
3732.5 60
3733 70
3733.5 70
3734 80
3734.5 80
3735 90
3735.5 90
3736 100
3736.5 100
3737 105
3737.5 105
3738 50
3738.5 50
3739 60
3739.5 60
3740 70
3740.5 70
3741 80
3741.5 80
3742 90
3742.5 90
3743 100
3743.5 100
3744 105
3744.5 105
3745 50
3745.5 50
3746 60
3746.5 60
3747 70
3747.5 70
3748 80
3748.5 80
3749 90
3749.5 90
3750 100
3750.5 100
3751 105
3751.5 105
3752 50
3752.5 50
3753 60
3753.5 60
3754 70
3754.5 70
3755 80
3755.5 80
3756 90
3756.5 90
3757 100
3757.5 100
3758 105
3758.5 105
3759 50
3759.5 50
3760 60
3760.5 60
3761 70
3761.5 70
3762 80
3762.5 80
3763 90
3763.5 90
3764 100
3764.5 100
3765 105
3765.5 105
3766 50
3766.5 50
3767 60
3767.5 60
3768 70
3768.5 70
3769 80
3769.5 80
3770 90
3770.5 90
3771 100
3771.5 100
3772 105
3772.5 105
3773 50
3773.5 50
3774 60
3774.5 60
3775 70
3775.5 70
3776 80
3776.5 80
3777 90
3777.5 90
3778 100
3778.5 100
3779 105
3779.5 105
3780 50
3780.5 50
3781 60
3781.5 60
3782 70
3782.5 70
3783 80
3783.5 80
3784 90
3784.5 90
3785 100
3785.5 100
3786 105
3786.5 105
3787 50
3787.5 50
3788 60
3788.5 60
3789 70
3789.5 70
3790 80
3790.5 80
3791 90
3791.5 90
3792 100
3792.5 100
3793 105
3793.5 105
3794 50
3794.5 50
3795 60
3795.5 60
3796 70
3796.5 70
3797 80
3797.5 80
3798 90
3798.5 90
3799 100
3799.5 100
3800 105
3800.5 105
3801 50
3801.5 50
3802 60
3802.5 60
3803 70
3803.5 70
3804 80
3804.5 80
3805 90
3805.5 90
3806 100
3806.5 100
3807 105
3807.5 105
3808 50
3808.5 50
3809 60
3809.5 60
3810 70
3810.5 70
3811 80
3811.5 80
3812 90
3812.5 90
3813 100
3813.5 100
3814 105
3814.5 105
3815 50
3815.5 50
3816 60
3816.5 60
3817 70
3817.5 70
3818 80
3818.5 80
3819 90
3819.5 90
3820 100
3820.5 100
3821 105
3821.5 105
3822 50
3822.5 50
3823 60
3823.5 60
3824 70
3824.5 70
3825 80
3825.5 80
3826 90
3826.5 90
3827 100
3827.5 100
3828 105
3828.5 105
3829 50
3829.5 50
3830 60
3830.5 60
3831 70
3831.5 70
3832 80
3832.5 80
3833 90
3833.5 90
3834 100
3834.5 100
3835 105
3835.5 105
3836 50
3836.5 50
3837 60
3837.5 60
3838 70
3838.5 70
3839 80
3839.5 80
3840 90
3840.5 90
3841 100
3841.5 100
3842 105
3842.5 105
3843 50
3843.5 50
3844 60
3844.5 60
3845 70
3845.5 70
3846 80
3846.5 80
3847 90
3847.5 90
3848 100
3848.5 100
3849 105
3849.5 105
3850 50
3850.5 50
3851 60
3851.5 60
3852 70
3852.5 70
3853 80
3853.5 80
3854 90
3854.5 90
3855 100
3855.5 100
3856 105
3856.5 105
3857 50
3857.5 50
3858 60
3858.5 60
3859 70
3859.5 70
3860 80
3860.5 80
3861 90
3861.5 90
3862 100
3862.5 100
3863 105
3863.5 105
3864 50
3864.5 50
3865 60
3865.5 60
3866 70
3866.5 70
3867 80
3867.5 80
3868 90
3868.5 90
3869 100
3869.5 100
3870 105
3870.5 105
3871 50
3871.5 50
3872 60
3872.5 60
3873 70
3873.5 70
3874 80
3874.5 80
3875 90
3875.5 90
3876 100
3876.5 100
3877 105
3877.5 105
3878 50
3878.5 50
3879 60
3879.5 60
3880 70
3880.5 70
3881 80
3881.5 80
3882 90
3882.5 90
3883 100
3883.5 100
3884 105
3884.5 105
3885 50
3885.5 50
3886 60
3886.5 60
3887 70
3887.5 70
3888 80
3888.5 80
3889 90
3889.5 90
3890 100
3890.5 100
3891 105
3891.5 105
3892 50
3892.5 50
3893 60
3893.5 60
3894 70
3894.5 70
3895 80
3895.5 80
3896 90
3896.5 90
3897 100
3897.5 100
3898 105
3898.5 105
3899 50
3899.5 50
3900 60
3900.5 60
3901 70
3901.5 70
3902 80
3902.5 80
3903 90
3903.5 90
3904 100
3904.5 100
3905 105
3905.5 105
3906 50
3906.5 50
3907 60
3907.5 60
3908 70
3908.5 70
3909 80
3909.5 80
3910 90
3910.5 90
3911 100
3911.5 100
3912 105
3912.5 105
3913 50
3913.5 50
3914 60
3914.5 60
3915 70
3915.5 70
3916 80
3916.5 80
3917 90
3917.5 90
3918 100
3918.5 100
3919 105
3919.5 105
3920 50
3920.5 50
3921 60
3921.5 60
3922 70
3922.5 70
3923 80
3923.5 80
3924 90
3924.5 90
3925 100
3925.5 100
3926 105
3926.5 105
3927 50
3927.5 50
3928 60
3928.5 60
3929 70
3929.5 70
3930 80
3930.5 80
3931 90
3931.5 90
3932 100
3932.5 100
3933 105
3933.5 105
3934 50
3934.5 50
3935 60
3935.5 60
3936 70
3936.5 70
3937 80
3937.5 80
3938 90
3938.5 90
3939 100
3939.5 100
3940 105
3940.5 105
3941 50
3941.5 50
3942 60
3942.5 60
3943 70
3943.5 70
3944 80
3944.5 80
3945 90
3945.5 90
3946 100
3946.5 100
3947 105
3947.5 105
3948 50
3948.5 50
3949 60
3949.5 60
3950 70
3950.5 70
3951 80
3951.5 80
3952 90
3952.5 90
3953 100
3953.5 100
3954 105
3954.5 105
3955 50
3955.5 50
3956 60
3956.5 60
3957 70
3957.5 70
3958 80
3958.5 80
3959 90
3959.5 90
3960 100
3960.5 100
3961 105
3961.5 105
3962 50
3962.5 50
3963 60
3963.5 60
3964 70
3964.5 70
3965 80
3965.5 80
3966 90
3966.5 90
3967 100
3967.5 100
3968 105
3968.5 105
3969 50
3969.5 50
3970 60
3970.5 60
3971 70
3971.5 70
3972 80
3972.5 80
3973 90
3973.5 90
3974 100
3974.5 100
3975 105
3975.5 105
3976 50
3976.5 50
3977 60
3977.5 60
3978 70
3978.5 70
3979 80
3979.5 80
3980 90
3980.5 90
3981 100
3981.5 100
3982 105
3982.5 105
3983 50
3983.5 50
3984 60
3984.5 60
3985 70
3985.5 70
3986 80
3986.5 80
3987 90
3987.5 90
3988 100
3988.5 100
3989 105
3989.5 105
3990 50
3990.5 50
3991 60
3991.5 60
3992 70
3992.5 70
3993 80
3993.5 80
3994 90
3994.5 90
3995 100
3995.5 100
3996 105
3996.5 105
3997 50
3997.5 50
3998 60
3998.5 60
3999 70
3999.5 70
4000 80
4000.5 80
4001 90
4001.5 90
4002 100
4002.5 100
4003 105
4003.5 105
4004 50
4004.5 50
4005 60
4005.5 60
4006 70
4006.5 70
4007 80
4007.5 80
4008 90
4008.5 90
4009 100
4009.5 100
4010 105
4010.5 105
4011 50
4011.5 50
4012 60
4012.5 60
4013 70
4013.5 70
4014 80
4014.5 80
4015 90
4015.5 90
4016 100
4016.5 100
4017 105
4017.5 105
4018 50
4018.5 50
4019 60
4019.5 60
4020 70
4020.5 70
4021 80
4021.5 80
4022 90
4022.5 90
4023 100
4023.5 100
4024 105
4024.5 105
4025 50
4025.5 50
4026 60
4026.5 60
4027 70
4027.5 70
4028 80
4028.5 80
4029 90
4029.5 90
4030 100
4030.5 100
4031 105
4031.5 105
4032 50
4032.5 50
4033 60
4033.5 60
4034 70
4034.5 70
4035 80
4035.5 80
4036 90
4036.5 90
4037 100
4037.5 100
4038 105
4038.5 105
4039 50
4039.5 50
4040 60
4040.5 60
4041 70
4041.5 70
4042 80
4042.5 80
4043 90
4043.5 90
4044 100
4044.5 100
4045 105
4045.5 105
4046 50
4046.5 50
4047 60
4047.5 60
4048 70
4048.5 70
4049 80
4049.5 80
4050 90
4050.5 90
4051 100
4051.5 100
4052 105
4052.5 105
4053 50
4053.5 50
4054 60
4054.5 60
4055 70
4055.5 70
4056 80
4056.5 80
4057 90
4057.5 90
4058 100
4058.5 100
4059 105
4059.5 105
4060 50
4060.5 50
4061 60
4061.5 60
4062 70
4062.5 70
4063 80
4063.5 80
4064 90
4064.5 90
4065 100
4065.5 100
4066 105
4066.5 105
4067 50
4067.5 50
4068 60
4068.5 60
4069 70
4069.5 70
4070 80
4070.5 80
4071 90
4071.5 90
4072 100
4072.5 100
4073 105
4073.5 105
4074 50
4074.5 50
4075 60
4075.5 60
4076 70
4076.5 70
4077 80
4077.5 80
4078 90
4078.5 90
4079 100
4079.5 100
4080 105
4080.5 105
4081 50
4081.5 50
4082 60
4082.5 60
4083 70
4083.5 70
4084 80
4084.5 80
4085 90
4085.5 90
4086 100
4086.5 100
4087 105
4087.5 105
4088 50
4088.5 50
4089 60
4089.5 60
4090 70
4090.5 70
4091 80
4091.5 80
4092 90
4092.5 90
4093 100
4093.5 100
4094 105
4094.5 105
4095 50
4095.5 50
4096 60
4096.5 60
4097 70
4097.5 70
4098 80
4098.5 80
4099 90
4099.5 90
4100 100
4100.5 100
4101 105
4101.5 105
4102 50
4102.5 50
4103 60
4103.5 60
4104 70
4104.5 70
4105 80
4105.5 80
4106 90
4106.5 90
4107 100
4107.5 100
4108 105
4108.5 105
4109 50
4109.5 50
4110 60
4110.5 60
4111 70
4111.5 70
4112 80
4112.5 80
4113 90
4113.5 90
4114 100
4114.5 100
4115 105
4115.5 105
4116 50
4116.5 50
4117 60
4117.5 60
4118 70
4118.5 70
4119 80
4119.5 80
4120 90
4120.5 90
4121 100
4121.5 100
4122 105
4122.5 105
4123 50
4123.5 50
4124 60
4124.5 60
4125 70
4125.5 70
4126 80
4126.5 80
4127 90
4127.5 90
4128 100
4128.5 100
4129 105
4129.5 105
4130 50
4130.5 50
4131 60
4131.5 60
4132 70
4132.5 70
4133 80
4133.5 80
4134 90
4134.5 90
4135 100
4135.5 100
4136 105
4136.5 105
4137 50
4137.5 50
4138 60
4138.5 60
4139 70
4139.5 70
4140 80
4140.5 80
4141 90
4141.5 90
4142 100
4142.5 100
4143 105
4143.5 105
4144 50
4144.5 50
4145 60
4145.5 60
4146 70
4146.5 70
4147 80
4147.5 80
4148 90
4148.5 90
4149 100
4149.5 100
4150 105
4150.5 105
4151 50
4151.5 50
4152 60
4152.5 60
4153 70
4153.5 70
4154 80
4154.5 80
4155 90
4155.5 90
4156 100
4156.5 100
4157 105
4157.5 105
4158 50
4158.5 50
4159 60
4159.5 60
4160 70
4160.5 70
4161 80
4161.5 80
4162 90
4162.5 90
4163 100
4163.5 100
4164 105
4164.5 105
4165 50
4165.5 50
4166 60
4166.5 60
4167 70
4167.5 70
4168 80
4168.5 80
4169 90
4169.5 90
4170 100
4170.5 100
4171 105
4171.5 105
4172 50
4172.5 50
4173 60
4173.5 60
4174 70
4174.5 70
4175 80
4175.5 80
4176 90
4176.5 90
4177 100
4177.5 100
4178 105
4178.5 105
4179 50
4179.5 50
4180 60
4180.5 60
4181 70
4181.5 70
4182 80
4182.5 80
4183 90
4183.5 90
4184 100
4184.5 100
4185 105
4185.5 105
4186 50
4186.5 50
4187 60
4187.5 60
4188 70
4188.5 70
4189 80
4189.5 80
4190 90
4190.5 90
4191 100
4191.5 100
4192 105
4192.5 105
4193 50
4193.5 50
4194 60
4194.5 60
4195 70
4195.5 70
4196 80
4196.5 80
4197 90
4197.5 90
4198 100
4198.5 100
4199 105
4199.5 105
4200 50
4200.5 50
4201 60
4201.5 60
4202 70
4202.5 70
4203 80
4203.5 80
4204 90
4204.5 90
4205 100
4205.5 100
4206 105
4206.5 105
4207 50
4207.5 50
4208 60
4208.5 60
4209 70
4209.5 70
4210 80
4210.5 80
4211 90
4211.5 90
4212 100
4212.5 100
4213 105
4213.5 105
4214 50
4214.5 50
4215 60
4215.5 60
4216 70
4216.5 70
4217 80
4217.5 80
4218 90
4218.5 90
4219 100
4219.5 100
4220 105
4220.5 105
4221 50
4221.5 50
4222 60
4222.5 60
4223 70
4223.5 70
4224 80
4224.5 80
4225 90
4225.5 90
4226 100
4226.5 100
4227 105
4227.5 105
4228 50
4228.5 50
4229 60
4229.5 60
4230 70
4230.5 70
4231 80
4231.5 80
4232 90
4232.5 90
4233 100
4233.5 100
4234 105
4234.5 105
4235 50
4235.5 50
4236 60
4236.5 60
4237 70
4237.5 70
4238 80
4238.5 80
4239 90
4239.5 90
4240 100
4240.5 100
4241 105
4241.5 105
4242 50
4242.5 50
4243 60
4243.5 60
4244 70
4244.5 70
4245 80
4245.5 80
4246 90
4246.5 90
4247 100
4247.5 100
4248 105
4248.5 105
4249 50
4249.5 50
4250 60
4250.5 60
4251 70
4251.5 70
4252 80
4252.5 80
4253 90
4253.5 90
4254 100
4254.5 100
4255 105
4255.5 105
4256 50
4256.5 50
4257 60
4257.5 60
4258 70
4258.5 70
4259 80
4259.5 80
4260 90
4260.5 90
4261 100
4261.5 100
4262 105
4262.5 105
4263 50
4263.5 50
4264 60
4264.5 60
4265 70
4265.5 70
4266 80
4266.5 80
4267 90
4267.5 90
4268 100
4268.5 100
4269 105
4269.5 105
4270 50
4270.5 50
4271 60
4271.5 60
4272 70
4272.5 70
4273 80
4273.5 80
4274 90
4274.5 90
4275 100
4275.5 100
4276 105
4276.5 105
4277 50
4277.5 50
4278 60
4278.5 60
4279 70
4279.5 70
4280 80
4280.5 80
4281 90
4281.5 90
4282 100
4282.5 100
4283 105
4283.5 105
4284 50
4284.5 50
4285 60
4285.5 60
4286 70
4286.5 70
4287 80
4287.5 80
4288 90
4288.5 90
4289 100
4289.5 100
4290 105
4290.5 105
4291 50
4291.5 50
4292 60
4292.5 60
4293 70
4293.5 70
4294 80
4294.5 80
4295 90
4295.5 90
4296 100
4296.5 100
4297 105
4297.5 105
4298 50
4298.5 50
4299 60
4299.5 60
4300 70
4300.5 70
4301 80
4301.5 80
4302 90
4302.5 90
4303 100
4303.5 100
4304 105
4304.5 105
4305 50
4305.5 50
4306 60
4306.5 60
4307 70
4307.5 70
4308 80
4308.5 80
4309 90
4309.5 90
4310 100
4310.5 100
4311 105
4311.5 105
4312 50
4312.5 50
4313 60
4313.5 60
4314 70
4314.5 70
4315 80
4315.5 80
4316 90
4316.5 90
4317 100
4317.5 100
4318 105
4318.5 105
4319 50
4319.5 50
4320 60
4320.5 60
4321 70
4321.5 70
4322 80
4322.5 80
4323 90
4323.5 90
4324 100
4324.5 100
4325 105
4325.5 105
4326 50
4326.5 50
4327 60
4327.5 60
4328 70
4328.5 70
4329 80
4329.5 80
4330 90
4330.5 90
4331 100
4331.5 100
4332 105
4332.5 105
4333 50
4333.5 50
4334 60
4334.5 60
4335 70
4335.5 70
4336 80
4336.5 80
4337 90
4337.5 90
4338 100
4338.5 100
4339 105
4339.5 105
4340 50
4340.5 50
4341 60
4341.5 60
4342 70
4342.5 70
4343 80
4343.5 80
4344 90
4344.5 90
4345 100
4345.5 100
4346 105
4346.5 105
4347 50
4347.5 50
4348 60
4348.5 60
4349 70
4349.5 70
4350 80
4350.5 80
4351 90
4351.5 90
4352 100
4352.5 100
4353 105
4353.5 105
4354 50
4354.5 50
4355 60
4355.5 60
4356 70
4356.5 70
4357 80
4357.5 80
4358 90
4358.5 90
4359 100
4359.5 100
4360 105
4360.5 105
4361 50
4361.5 50
4362 60
4362.5 60
4363 70
4363.5 70
4364 80
4364.5 80
4365 90
4365.5 90
4366 100
4366.5 100
4367 105
4367.5 105
4368 50
4368.5 50
4369 60
4369.5 60
4370 70
4370.5 70
4371 80
4371.5 80
4372 90
4372.5 90
4373 100
4373.5 100
4374 105
4374.5 105
4375 50
4375.5 50
4376 60
4376.5 60
4377 70
4377.5 70
4378 80
4378.5 80
4379 90
4379.5 90
4380 100
4380.5 100
4381 105
4381.5 105
4382 50
4382.5 50
4383 60
4383.5 60
4384 70
4384.5 70
4385 80
4385.5 80
4386 90
4386.5 90
4387 100
4387.5 100
4388 105
4388.5 105
4389 50
4389.5 50
4390 60
4390.5 60
4391 70
4391.5 70
4392 80
4392.5 80
4393 90
4393.5 90
4394 100
4394.5 100
4395 105
4395.5 105
4396 50
4396.5 50
4397 60
4397.5 60
4398 70
4398.5 70
4399 80
4399.5 80
4400 90
4400.5 90
4401 100
4401.5 100
4402 105
4402.5 105
4403 50
4403.5 50
4404 60
4404.5 60
4405 70
4405.5 70
4406 80
4406.5 80
4407 90
4407.5 90
4408 100
4408.5 100
4409 105
4409.5 105
4410 50
4410.5 50
4411 60
4411.5 60
4412 70
4412.5 70
4413 80
4413.5 80
4414 90
4414.5 90
4415 100
4415.5 100
4416 105
4416.5 105
4417 50
4417.5 50
4418 60
4418.5 60
4419 70
4419.5 70
4420 80
4420.5 80
4421 90
4421.5 90
4422 100
4422.5 100
4423 105
4423.5 105
4424 50
4424.5 50
4425 60
4425.5 60
4426 70
4426.5 70
4427 80
4427.5 80
4428 90
4428.5 90
4429 100
4429.5 100
4430 105
4430.5 105
4431 50
4431.5 50
4432 60
4432.5 60
4433 70
4433.5 70
4434 80
4434.5 80
4435 90
4435.5 90
4436 100
4436.5 100
4437 105
4437.5 105
4438 50
4438.5 50
4439 60
4439.5 60
4440 70
4440.5 70
4441 80
4441.5 80
4442 90
4442.5 90
4443 100
4443.5 100
4444 105
4444.5 105
4445 50
4445.5 50
4446 60
4446.5 60
4447 70
4447.5 70
4448 80
4448.5 80
4449 90
4449.5 90
4450 100
4450.5 100
4451 105
4451.5 105
4452 50
4452.5 50
4453 60
4453.5 60
4454 70
4454.5 70
4455 80
4455.5 80
4456 90
4456.5 90
4457 100
4457.5 100
4458 105
4458.5 105
4459 50
4459.5 50
4460 60
4460.5 60
4461 70
4461.5 70
4462 80
4462.5 80
4463 90
4463.5 90
4464 100
4464.5 100
4465 105
4465.5 105
4466 50
4466.5 50
4467 60
4467.5 60
4468 70
4468.5 70
4469 80
4469.5 80
4470 90
4470.5 90
4471 100
4471.5 100
4472 105
4472.5 105
4473 50
4473.5 50
4474 60
4474.5 60
4475 70
4475.5 70
4476 80
4476.5 80
4477 90
4477.5 90
4478 100
4478.5 100
4479 105
4479.5 105
4480 50
4480.5 50
4481 60
4481.5 60
4482 70
4482.5 70
4483 80
4483.5 80
4484 90
4484.5 90
4485 100
4485.5 100
4486 105
4486.5 105
4487 50
4487.5 50
4488 60
4488.5 60
4489 70
4489.5 70
4490 80
4490.5 80
4491 90
4491.5 90
4492 100
4492.5 100
4493 105
4493.5 105
4494 50
4494.5 50
4495 60
4495.5 60
4496 70
4496.5 70
4497 80
4497.5 80
4498 90
4498.5 90
4499 100
4499.5 100
4500 105
4500.5 105
4501 50
4501.5 50
4502 60
4502.5 60
4503 70
4503.5 70
4504 80
4504.5 80
4505 90
4505.5 90
4506 100
4506.5 100
4507 105
4507.5 105
4508 50
4508.5 50
4509 60
4509.5 60
4510 70
4510.5 70
4511 80
4511.5 80
4512 90
4512.5 90
4513 100
4513.5 100
4514 105
4514.5 105
4515 50
4515.5 50
4516 60
4516.5 60
4517 70
4517.5 70
4518 80
4518.5 80
4519 90
4519.5 90
4520 100
4520.5 100
4521 105
4521.5 105
4522 50
4522.5 50
4523 60
4523.5 60
4524 70
4524.5 70
4525 80
4525.5 80
4526 90
4526.5 90
4527 100
4527.5 100
4528 105
4528.5 105
4529 50
4529.5 50
4530 60
4530.5 60
4531 70
4531.5 70
4532 80
4532.5 80
4533 90
4533.5 90
4534 100
4534.5 100
4535 105
4535.5 105
4536 50
4536.5 50
4537 60
4537.5 60
4538 70
4538.5 70
4539 80
4539.5 80
4540 90
4540.5 90
4541 100
4541.5 100
4542 105
4542.5 105
4543 50
4543.5 50
4544 60
4544.5 60
4545 70
4545.5 70
4546 80
4546.5 80
4547 90
4547.5 90
4548 100
4548.5 100
4549 105
4549.5 105
4550 50
4550.5 50
4551 60
4551.5 60
4552 70
4552.5 70
4553 80
4553.5 80
4554 90
4554.5 90
4555 100
4555.5 100
4556 105
4556.5 105
4557 50
4557.5 50
4558 60
4558.5 60
4559 70
4559.5 70
4560 80
4560.5 80
4561 90
4561.5 90
4562 100
4562.5 100
4563 105
4563.5 105
4564 50
4564.5 50
4565 60
4565.5 60
4566 70
4566.5 70
4567 80
4567.5 80
4568 90
4568.5 90
4569 100
4569.5 100
4570 105
4570.5 105
4571 50
4571.5 50
4572 60
4572.5 60
4573 70
4573.5 70
4574 80
4574.5 80
4575 90
4575.5 90
4576 100
4576.5 100
4577 105
4577.5 105
4578 50
4578.5 50
4579 60
4579.5 60
4580 70
4580.5 70
4581 80
4581.5 80
4582 90
4582.5 90
4583 100
4583.5 100
4584 105
4584.5 105
4585 50
4585.5 50
4586 60
4586.5 60
4587 70
4587.5 70
4588 80
4588.5 80
4589 90
4589.5 90
4590 100
4590.5 100
4591 105
4591.5 105
4592 50
4592.5 50
4593 60
4593.5 60
4594 70
4594.5 70
4595 80
4595.5 80
4596 90
4596.5 90
4597 100
4597.5 100
4598 105
4598.5 105
4599 50
4599.5 50
4600 60
4600.5 60
4601 70
4601.5 70
4602 80
4602.5 80
4603 90
4603.5 90
4604 100
4604.5 100
4605 105
4605.5 105
4606 50
4606.5 50
4607 60
4607.5 60
4608 70
4608.5 70
4609 80
4609.5 80
4610 90
4610.5 90
4611 100
4611.5 100
4612 105
4612.5 105
4613 50
4613.5 50
4614 60
4614.5 60
4615 70
4615.5 70
4616 80
4616.5 80
4617 90
4617.5 90
4618 100
4618.5 100
4619 105
4619.5 105
4620 50
4620.5 50
4621 60
4621.5 60
4622 70
4622.5 70
4623 80
4623.5 80
4624 90
4624.5 90
4625 100
4625.5 100
4626 105
4626.5 105
4627 50
4627.5 50
4628 60
4628.5 60
4629 70
4629.5 70
4630 80
4630.5 80
4631 90
4631.5 90
4632 100
4632.5 100
4633 105
4633.5 105
4634 50
4634.5 50
4635 60
4635.5 60
4636 70
4636.5 70
4637 80
4637.5 80
4638 90
4638.5 90
4639 100
4639.5 100
4640 105
4640.5 105
4641 50
4641.5 50
4642 60
4642.5 60
4643 70
4643.5 70
4644 80
4644.5 80
4645 90
4645.5 90
4646 100
4646.5 100
4647 105
4647.5 105
4648 50
4648.5 50
4649 60
4649.5 60
4650 70
4650.5 70
4651 80
4651.5 80
4652 90
4652.5 90
4653 100
4653.5 100
4654 105
4654.5 105
4655 50
4655.5 50
4656 60
4656.5 60
4657 70
4657.5 70
4658 80
4658.5 80
4659 90
4659.5 90
4660 100
4660.5 100
4661 105
4661.5 105
4662 50
4662.5 50
4663 60
4663.5 60
4664 70
4664.5 70
4665 80
4665.5 80
4666 90
4666.5 90
4667 100
4667.5 100
4668 105
4668.5 105
4669 50
4669.5 50
4670 60
4670.5 60
4671 70
4671.5 70
4672 80
4672.5 80
4673 90
4673.5 90
4674 100
4674.5 100
4675 105
4675.5 105
4676 50
4676.5 50
4677 60
4677.5 60
4678 70
4678.5 70
4679 80
4679.5 80
4680 90
4680.5 90
4681 100
4681.5 100
4682 105
4682.5 105
4683 50
4683.5 50
4684 60
4684.5 60
4685 70
4685.5 70
4686 80
4686.5 80
4687 90
4687.5 90
4688 100
4688.5 100
4689 105
4689.5 105
4690 50
4690.5 50
4691 60
4691.5 60
4692 70
4692.5 70
4693 80
4693.5 80
4694 90
4694.5 90
4695 100
4695.5 100
4696 105
4696.5 105
4697 50
4697.5 50
4698 60
4698.5 60
4699 70
4699.5 70
4700 80
4700.5 80
4701 90
4701.5 90
4702 100
4702.5 100
4703 105
4703.5 105
4704 50
4704.5 50
4705 60
4705.5 60
4706 70
4706.5 70
4707 80
4707.5 80
4708 90
4708.5 90
4709 100
4709.5 100
4710 105
4710.5 105
4711 50
4711.5 50
4712 60
4712.5 60
4713 70
4713.5 70
4714 80
4714.5 80
4715 90
4715.5 90
4716 100
4716.5 100
4717 105
4717.5 105
4718 50
4718.5 50
4719 60
4719.5 60
4720 70
4720.5 70
4721 80
4721.5 80
4722 90
4722.5 90
4723 100
4723.5 100
4724 105
4724.5 105
