# Table format: 1D
# Input signal 3 of FlightCondition_RPM_DP_FlowRate_MM1D.txt: dP_bar vs time
# axis1_unit = s
# table_unit = bar
0 5
1 10
2 20
3 30
4 40
5 50
6 60
7 5
8 10
9 20
10 30
11 40
12 50
13 60
14 5
15 10
16 20
17 30
18 40
19 50
20 60
21 5
22 10
23 20
24 30
25 40
26 50
27 60
28 5
29 10
30 20
31 30
32 40
33 50
34 60
35 5
36 10
37 20
38 30
39 40
40 50
41 60
42 5
43 10
44 20
45 30
46 40
47 50
48 60
49 5
50 10
51 20
52 30
53 40
54 50
55 60
56 5
57 10
58 20
59 30
60 40
61 50
62 60
63 5
64 10
65 20
66 30
67 40
68 50
69 60
70 5
71 10
72 20
73 30
74 40
75 50
76 60
77 5
78 10
79 20
80 30
81 40
82 50
83 60
84 5
85 10
86 20
87 30
88 40
89 50
90 60
91 5
92 10
93 20
94 30
95 40
96 50
97 60
98 5
99 10
100 20
101 30
102 40
103 50
104 60
105 5
106 10
107 20
108 30
109 40
110 50
111 60
112 5
113 10
114 20
115 30
116 40
117 50
118 60
119 5
120 10
121 20
122 30
123 40
124 50
125 60
126 5
127 10
128 20
129 30
130 40
131 50
132 60
133 5
134 10
135 20
136 30
137 40
138 50
139 60
140 5
141 10
142 20
143 30
144 40
145 50
146 60
147 5
148 10
149 20
150 30
151 40
152 50
153 60
154 5
155 10
156 20
157 30
158 40
159 50
160 60
161 5
162 10
163 20
164 30
165 40
166 50
167 60
168 5
169 10
170 20
171 30
172 40
173 50
174 60
175 5
176 10
177 20
178 30
179 40
180 50
181 60
182 5
183 10
184 20
185 30
186 40
187 50
188 60
189 5
190 10
191 20
192 30
193 40
194 50
195 60
196 5
197 10
198 20
199 30
200 40
201 50
202 60
203 5
204 10
205 20
206 30
207 40
208 50
209 60
210 5
211 10
212 20
213 30
214 40
215 50
216 60
217 5
218 10
219 20
220 30
221 40
222 50
223 60
224 5
225 10
226 20
227 30
228 40
229 50
230 60
231 5
232 10
233 20
234 30
235 40
236 50
237 60
238 5
239 10
240 20
241 30
242 40
243 50
244 60
245 5
246 10
247 20
248 30
249 40
250 50
251 60
252 5
253 10
254 20
255 30
256 40
257 50
258 60
259 5
260 10
261 20
262 30
263 40
264 50
265 60
266 5
267 10
268 20
269 30
270 40
271 50
272 60
273 5
274 10
275 20
276 30
277 40
278 50
279 60
280 5
281 10
282 20
283 30
284 40
285 50
286 60
287 5
288 10
289 20
290 30
291 40
292 50
293 60
294 5
295 10
296 20
297 30
298 40
299 50
300 60
301 5
302 10
303 20
304 30
305 40
306 50
307 60
308 5
309 10
310 20
311 30
312 40
313 50
314 60
315 5
316 10
317 20
318 30
319 40
320 50
321 60
322 5
323 10
324 20
325 30
326 40
327 50
328 60
329 5
330 10
331 20
332 30
333 40
334 50
335 60
336 5
337 10
338 20
339 30
340 40
341 50
342 60
343 5
344 10
345 20
346 30
347 40
348 50
349 60
350 5
351 10
352 20
353 30
354 40
355 50
356 60
357 5
358 10
359 20
360 30
361 40
362 50
363 60
364 5
365 10
366 20
367 30
368 40
369 50
370 60
371 5
372 10
373 20
374 30
375 40
376 50
377 60
378 5
379 10
380 20
381 30
382 40
383 50
384 60
385 5
386 10
387 20
388 30
389 40
390 50
391 60
392 5
393 10
394 20
395 30
396 40
397 50
398 60
399 5
400 10
401 20
402 30
403 40
404 50
405 60
406 5
407 10
408 20
409 30
410 40
411 50
412 60
413 5
414 10
415 20
416 30
417 40
418 50
419 60
420 5
421 10
422 20
423 30
424 40
425 50
426 60
427 5
428 10
429 20
430 30
431 40
432 50
433 60
434 5
435 10
436 20
437 30
438 40
439 50
440 60
