# Table format: 1D
# Input signal 1 of FlightCondition_RPM_DP_FlowRate_MM1D.txt: FlightCondition vs time
# axis1_unit = s
0 1
0.5 1
1 1
1.5 1
2 1
2.5 1
3 1
3.5 1
4 1
4.5 1
5 1
5.5 1
6 1
6.5 1
7 1
7.5 1
8 1
8.5 1
9 1
9.5 1
10 1
10.5 1
11 1
11.5 1
12 1
12.5 1
13 1
13.5 1
14 1
14.5 1
15 1
15.5 1
16 1
16.5 1
17 1
17.5 1
18 1
18.5 1
19 1
19.5 1
20 1
20.5 1
21 1
21.5 1
22 1
22.5 1
23 1
23.5 1
24 1
24.5 1
25 1
25.5 1
26 1
26.5 1
27 1
27.5 1
28 1
28.5 1
29 1
29.5 1
30 1
30.5 1
31 1
31.5 1
32 1
32.5 1
33 1
33.5 1
34 1
34.5 1
35 1
35.5 1
36 1
36.5 1
37 1
37.5 1
38 1
38.5 1
39 1
39.5 1
40 1
40.5 1
41 1
41.5 1
42 1
42.5 1
43 1
43.5 1
44 1
44.5 1
45 1
45.5 1
46 1
46.5 1
47 1
47.5 1
48 1
48.5 1
49 2
49.5 2
50 2
50.5 2
51 2
51.5 2
52 2
52.5 2
53 2
53.5 2
54 2
54.5 2
55 2
55.5 2
56 2
56.5 2
57 2
57.5 2
58 2
58.5 2
59 2
59.5 2
60 2
60.5 2
61 2
61.5 2
62 2
62.5 2
63 2
63.5 2
64 2
64.5 2
65 2
65.5 2
66 2
66.5 2
67 2
67.5 2
68 2
68.5 2
69 2
69.5 2
70 2
70.5 2
71 2
71.5 2
72 2
72.5 2
73 2
73.5 2
74 2
74.5 2
75 2
75.5 2
76 2
76.5 2
77 2
77.5 2
78 2
78.5 2
79 2
79.5 2
80 2
80.5 2
81 2
81.5 2
82 2
82.5 2
83 2
83.5 2
84 2
84.5 2
85 2
85.5 2
86 2
86.5 2
87 2
87.5 2
88 2
88.5 2
89 2
89.5 2
90 2
90.5 2
91 2
91.5 2
92 2
92.5 2
93 2
93.5 2
94 2
94.5 2
95 2
95.5 2
96 2
96.5 2
97 2
97.5 2
98 3
98.5 3
99 3
99.5 3
100 3
100.5 3
101 3
101.5 3
102 3
102.5 3
103 3
103.5 3
104 3
104.5 3
105 3
105.5 3
106 3
106.5 3
107 3
107.5 3
108 3
108.5 3
109 3
109.5 3
110 3
110.5 3
111 3
111.5 3
112 3
112.5 3
113 3
113.5 3
114 3
114.5 3
115 3
115.5 3
116 3
116.5 3
117 3
117.5 3
118 3
118.5 3
119 3
119.5 3
120 3
120.5 3
121 3
121.5 3
122 3
122.5 3
123 3
123.5 3
124 3
124.5 3
125 3
125.5 3
126 3
126.5 3
127 3
127.5 3
128 3
128.5 3
129 3
129.5 3
130 3
130.5 3
131 3
131.5 3
132 3
132.5 3
133 3
133.5 3
134 3
134.5 3
135 3
135.5 3
136 3
136.5 3
137 3
137.5 3
138 3
138.5 3
139 3
139.5 3
140 3
140.5 3
141 3
141.5 3
142 3
142.5 3
143 3
143.5 3
144 3
144.5 3
145 3
145.5 3
146 3
146.5 3
147 4
147.5 4
148 4
148.5 4
149 4
149.5 4
150 4
150.5 4
151 4
151.5 4
152 4
152.5 4
153 4
153.5 4
154 4
154.5 4
155 4
155.5 4
156 4
156.5 4
157 4
157.5 4
158 4
158.5 4
159 4
159.5 4
160 4
160.5 4
161 4
161.5 4
162 4
162.5 4
163 4
163.5 4
164 4
164.5 4
165 4
165.5 4
166 4
166.5 4
167 4
167.5 4
168 4
168.5 4
169 4
169.5 4
170 4
170.5 4
171 4
171.5 4
172 4
172.5 4
173 4
173.5 4
174 4
174.5 4
175 4
175.5 4
176 4
176.5 4
177 4
177.5 4
178 4
178.5 4
179 4
179.5 4
180 4
180.5 4
181 4
181.5 4
182 4
182.5 4
183 4
183.5 4
184 4
184.5 4
185 4
185.5 4
186 4
186.5 4
187 4
187.5 4
188 4
188.5 4
189 4
189.5 4
190 4
190.5 4
191 4
191.5 4
192 4
192.5 4
193 4
193.5 4
194 4
194.5 4
195 4
195.5 4
196 5
196.5 5
197 5
197.5 5
198 5
198.5 5
199 5
199.5 5
200 5
200.5 5
201 5
201.5 5
202 5
202.5 5
203 5
203.5 5
204 5
204.5 5
205 5
205.5 5
206 5
206.5 5
207 5
207.5 5
208 5
208.5 5
209 5
209.5 5
210 5
210.5 5
211 5
211.5 5
212 5
212.5 5
213 5
213.5 5
214 5
214.5 5
215 5
215.5 5
216 5
216.5 5
217 5
217.5 5
218 5
218.5 5
219 5
219.5 5
220 5
220.5 5
221 5
221.5 5
222 5
222.5 5
223 5
223.5 5
224 5
224.5 5
225 5
225.5 5
226 5
226.5 5
227 5
227.5 5
228 5
228.5 5
229 5
229.5 5
230 5
230.5 5
231 5
231.5 5
232 5
232.5 5
233 5
233.5 5
234 5
234.5 5
235 5
235.5 5
236 5
236.5 5
237 5
237.5 5
238 5
238.5 5
239 5
239.5 5
240 5
240.5 5
241 5
241.5 5
242 5
242.5 5
243 5
243.5 5
244 5
244.5 5
245 6
245.5 6
246 6
246.5 6
247 6
247.5 6
248 6
248.5 6
249 6
249.5 6
250 6
250.5 6
251 6
251.5 6
252 6
252.5 6
253 6
253.5 6
254 6
254.5 6
255 6
255.5 6
256 6
256.5 6
257 6
257.5 6
258 6
258.5 6
259 6
259.5 6
260 6
260.5 6
261 6
261.5 6
262 6
262.5 6
263 6
263.5 6
264 6
264.5 6
265 6
265.5 6
266 6
266.5 6
267 6
267.5 6
268 6
268.5 6
269 6
269.5 6
270 6
270.5 6
271 6
271.5 6
272 6
272.5 6
273 6
273.5 6
274 6
274.5 6
275 6
275.5 6
276 6
276.5 6
277 6
277.5 6
278 6
278.5 6
279 6
279.5 6
280 6
280.5 6
281 6
281.5 6
282 6
282.5 6
283 6
283.5 6
284 6
284.5 6
285 6
285.5 6
286 6
286.5 6
287 6
287.5 6
288 6
288.5 6
289 6
289.5 6
290 6
290.5 6
291 6
291.5 6
292 6
292.5 6
293 6
293.5 6
294 7
294.5 7
295 7
295.5 7
296 7
296.5 7
297 7
297.5 7
298 7
298.5 7
299 7
299.5 7
300 7
300.5 7
301 7
301.5 7
302 7
302.5 7
303 7
303.5 7
304 7
304.5 7
305 7
305.5 7
306 7
306.5 7
307 7
307.5 7
308 7
308.5 7
309 7
309.5 7
310 7
310.5 7
311 7
311.5 7
312 7
312.5 7
313 7
313.5 7
314 7
314.5 7
315 7
315.5 7
316 7
316.5 7
317 7
317.5 7
318 7
318.5 7
319 7
319.5 7
320 7
320.5 7
321 7
321.5 7
322 7
322.5 7
323 7
323.5 7
324 7
324.5 7
325 7
325.5 7
326 7
326.5 7
327 7
327.5 7
328 7
328.5 7
329 7
329.5 7
330 7
330.5 7
331 7
331.5 7
332 7
332.5 7
333 7
333.5 7
334 7
334.5 7
335 7
335.5 7
336 7
336.5 7
337 7
337.5 7
338 7
338.5 7
339 7
339.5 7
340 7
340.5 7
341 7
341.5 7
342 7
342.5 7
343 8
343.5 8
344 8
344.5 8
345 8
345.5 8
346 8
346.5 8
347 8
347.5 8
348 8
348.5 8
349 8
349.5 8
350 8
350.5 8
351 8
351.5 8
352 8
352.5 8
353 8
353.5 8
354 8
354.5 8
355 8
355.5 8
356 8
356.5 8
357 8
357.5 8
358 8
358.5 8
359 8
359.5 8
360 8
360.5 8
361 8
361.5 8
362 8
362.5 8
363 8
363.5 8
364 8
364.5 8
365 8
365.5 8
366 8
366.5 8
367 8
367.5 8
368 8
368.5 8
369 8
369.5 8
370 8
370.5 8
371 8
371.5 8
372 8
372.5 8
373 8
373.5 8
374 8
374.5 8
375 8
375.5 8
376 8
376.5 8
377 8
377.5 8
378 8
378.5 8
379 8
379.5 8
380 8
380.5 8
381 8
381.5 8
382 8
382.5 8
383 8
383.5 8
384 8
384.5 8
385 8
385.5 8
386 8
386.5 8
387 8
387.5 8
388 8
388.5 8
389 8
389.5 8
390 8
390.5 8
391 8
391.5 8
392 9
392.5 9
393 9
393.5 9
394 9
394.5 9
395 9
395.5 9
396 9
396.5 9
397 9
397.5 9
398 9
398.5 9
399 9
399.5 9
400 9
400.5 9
401 9
401.5 9
402 9
402.5 9
403 9
403.5 9
404 9
404.5 9
405 9
405.5 9
406 9
406.5 9
407 9
407.5 9
408 9
408.5 9
409 9
409.5 9
410 9
410.5 9
411 9
411.5 9
412 9
412.5 9
413 9
413.5 9
414 9
414.5 9
415 9
415.5 9
416 9
416.5 9
417 9
417.5 9
418 9
418.5 9
419 9
419.5 9
420 9
420.5 9
421 9
421.5 9
422 9
422.5 9
423 9
423.5 9
424 9
424.5 9
425 9
425.5 9
426 9
426.5 9
427 9
427.5 9
428 9
428.5 9
429 9
429.5 9
430 9
430.5 9
431 9
431.5 9
432 9
432.5 9
433 9
433.5 9
434 9
434.5 9
435 9
435.5 9
436 9
436.5 9
437 9
437.5 9
438 9
438.5 9
439 9
439.5 9
440 9
440.5 9
