# Table format: 1D
# Input signal 2 of FlightCondition_RPM_DP_FlowRate_MM1D.txt: RPM vs time
# axis1_unit = s
# table_unit = rev/min
0 3000
0.5 3000
1 3000
1.5 3000
2 3000
2.5 3000
3 3000
3.5 3000
4 3000
4.5 3000
5 3000
5.5 3000
6 3000
6.5 3000
7 4500
7.5 4500
8 4500
8.5 4500
9 4500
9.5 4500
10 4500
10.5 4500
11 4500
11.5 4500
12 4500
12.5 4500
13 4500
13.5 4500
14 6000
14.5 6000
15 6000
15.5 6000
16 6000
16.5 6000
17 6000
17.5 6000
18 6000
18.5 6000
19 6000
19.5 6000
20 6000
20.5 6000
21 7500
21.5 7500
22 7500
22.5 7500
23 7500
23.5 7500
24 7500
24.5 7500
25 7500
25.5 7500
26 7500
26.5 7500
27 7500
27.5 7500
28 9000
28.5 9000
29 9000
29.5 9000
30 9000
30.5 9000
31 9000
31.5 9000
32 9000
32.5 9000
33 9000
33.5 9000
34 9000
34.5 9000
35 10500
35.5 10500
36 10500
36.5 10500
37 10500
37.5 10500
38 10500
38.5 10500
39 10500
39.5 10500
40 10500
40.5 10500
41 10500
41.5 10500
42 12000
42.5 12000
43 12000
43.5 12000
44 12000
44.5 12000
45 12000
45.5 12000
46 12000
46.5 12000
47 12000
47.5 12000
48 12000
48.5 12000
49 3000
49.5 3000
50 3000
50.5 3000
51 3000
51.5 3000
52 3000
52.5 3000
53 3000
53.5 3000
54 3000
54.5 3000
55 3000
55.5 3000
56 4500
56.5 4500
57 4500
57.5 4500
58 4500
58.5 4500
59 4500
59.5 4500
60 4500
60.5 4500
61 4500
61.5 4500
62 4500
62.5 4500
63 6000
63.5 6000
64 6000
64.5 6000
65 6000
65.5 6000
66 6000
66.5 6000
67 6000
67.5 6000
68 6000
68.5 6000
69 6000
69.5 6000
70 7500
70.5 7500
71 7500
71.5 7500
72 7500
72.5 7500
73 7500
73.5 7500
74 7500
74.5 7500
75 7500
75.5 7500
76 7500
76.5 7500
77 9000
77.5 9000
78 9000
78.5 9000
79 9000
79.5 9000
80 9000
80.5 9000
81 9000
81.5 9000
82 9000
82.5 9000
83 9000
83.5 9000
84 10500
84.5 10500
85 10500
85.5 10500
86 10500
86.5 10500
87 10500
87.5 10500
88 10500
88.5 10500
89 10500
89.5 10500
90 10500
90.5 10500
91 12000
91.5 12000
92 12000
92.5 12000
93 12000
93.5 12000
94 12000
94.5 12000
95 12000
95.5 12000
96 12000
96.5 12000
97 12000
97.5 12000
98 3000
98.5 3000
99 3000
99.5 3000
100 3000
100.5 3000
101 3000
101.5 3000
102 3000
102.5 3000
103 3000
103.5 3000
104 3000
104.5 3000
105 4500
105.5 4500
106 4500
106.5 4500
107 4500
107.5 4500
108 4500
108.5 4500
109 4500
109.5 4500
110 4500
110.5 4500
111 4500
111.5 4500
112 6000
112.5 6000
113 6000
113.5 6000
114 6000
114.5 6000
115 6000
115.5 6000
116 6000
116.5 6000
117 6000
117.5 6000
118 6000
118.5 6000
119 7500
119.5 7500
120 7500
120.5 7500
121 7500
121.5 7500
122 7500
122.5 7500
123 7500
123.5 7500
124 7500
124.5 7500
125 7500
125.5 7500
126 9000
126.5 9000
127 9000
127.5 9000
128 9000
128.5 9000
129 9000
129.5 9000
130 9000
130.5 9000
131 9000
131.5 9000
132 9000
132.5 9000
133 10500
133.5 10500
134 10500
134.5 10500
135 10500
135.5 10500
136 10500
136.5 10500
137 10500
137.5 10500
138 10500
138.5 10500
139 10500
139.5 10500
140 12000
140.5 12000
141 12000
141.5 12000
142 12000
142.5 12000
143 12000
143.5 12000
144 12000
144.5 12000
145 12000
145.5 12000
146 12000
146.5 12000
147 3000
147.5 3000
148 3000
148.5 3000
149 3000
149.5 3000
150 3000
150.5 3000
151 3000
151.5 3000
152 3000
152.5 3000
153 3000
153.5 3000
154 4500
154.5 4500
155 4500
155.5 4500
156 4500
156.5 4500
157 4500
157.5 4500
158 4500
158.5 4500
159 4500
159.5 4500
160 4500
160.5 4500
161 6000
161.5 6000
162 6000
162.5 6000
163 6000
163.5 6000
164 6000
164.5 6000
165 6000
165.5 6000
166 6000
166.5 6000
167 6000
167.5 6000
168 7500
168.5 7500
169 7500
169.5 7500
170 7500
170.5 7500
171 7500
171.5 7500
172 7500
172.5 7500
173 7500
173.5 7500
174 7500
174.5 7500
175 9000
175.5 9000
176 9000
176.5 9000
177 9000
177.5 9000
178 9000
178.5 9000
179 9000
179.5 9000
180 9000
180.5 9000
181 9000
181.5 9000
182 10500
182.5 10500
183 10500
183.5 10500
184 10500
184.5 10500
185 10500
185.5 10500
186 10500
186.5 10500
187 10500
187.5 10500
188 10500
188.5 10500
189 12000
189.5 12000
190 12000
190.5 12000
191 12000
191.5 12000
192 12000
192.5 12000
193 12000
193.5 12000
194 12000
194.5 12000
195 12000
195.5 12000
196 3000
196.5 3000
197 3000
197.5 3000
198 3000
198.5 3000
199 3000
199.5 3000
200 3000
200.5 3000
201 3000
201.5 3000
202 3000
202.5 3000
203 4500
203.5 4500
204 4500
204.5 4500
205 4500
205.5 4500
206 4500
206.5 4500
207 4500
207.5 4500
208 4500
208.5 4500
209 4500
209.5 4500
210 6000
210.5 6000
211 6000
211.5 6000
212 6000
212.5 6000
213 6000
213.5 6000
214 6000
214.5 6000
215 6000
215.5 6000
216 6000
216.5 6000
217 7500
217.5 7500
218 7500
218.5 7500
219 7500
219.5 7500
220 7500
220.5 7500
221 7500
221.5 7500
222 7500
222.5 7500
223 7500
223.5 7500
224 9000
224.5 9000
225 9000
225.5 9000
226 9000
226.5 9000
227 9000
227.5 9000
228 9000
228.5 9000
229 9000
229.5 9000
230 9000
230.5 9000
231 10500
231.5 10500
232 10500
232.5 10500
233 10500
233.5 10500
234 10500
234.5 10500
235 10500
235.5 10500
236 10500
236.5 10500
237 10500
237.5 10500
238 12000
238.5 12000
239 12000
239.5 12000
240 12000
240.5 12000
241 12000
241.5 12000
242 12000
242.5 12000
243 12000
243.5 12000
244 12000
244.5 12000
245 3000
245.5 3000
246 3000
246.5 3000
247 3000
247.5 3000
248 3000
248.5 3000
249 3000
249.5 3000
250 3000
250.5 3000
251 3000
251.5 3000
252 4500
252.5 4500
253 4500
253.5 4500
254 4500
254.5 4500
255 4500
255.5 4500
256 4500
256.5 4500
257 4500
257.5 4500
258 4500
258.5 4500
259 6000
259.5 6000
260 6000
260.5 6000
261 6000
261.5 6000
262 6000
262.5 6000
263 6000
263.5 6000
264 6000
264.5 6000
265 6000
265.5 6000
266 7500
266.5 7500
267 7500
267.5 7500
268 7500
268.5 7500
269 7500
269.5 7500
270 7500
270.5 7500
271 7500
271.5 7500
272 7500
272.5 7500
273 9000
273.5 9000
274 9000
274.5 9000
275 9000
275.5 9000
276 9000
276.5 9000
277 9000
277.5 9000
278 9000
278.5 9000
279 9000
279.5 9000
280 10500
280.5 10500
281 10500
281.5 10500
282 10500
282.5 10500
283 10500
283.5 10500
284 10500
284.5 10500
285 10500
285.5 10500
286 10500
286.5 10500
287 12000
287.5 12000
288 12000
288.5 12000
289 12000
289.5 12000
290 12000
290.5 12000
291 12000
291.5 12000
292 12000
292.5 12000
293 12000
293.5 12000
294 3000
294.5 3000
295 3000
295.5 3000
296 3000
296.5 3000
297 3000
297.5 3000
298 3000
298.5 3000
299 3000
299.5 3000
300 3000
300.5 3000
301 4500
301.5 4500
302 4500
302.5 4500
303 4500
303.5 4500
304 4500
304.5 4500
305 4500
305.5 4500
306 4500
306.5 4500
307 4500
307.5 4500
308 6000
308.5 6000
309 6000
309.5 6000
310 6000
310.5 6000
311 6000
311.5 6000
312 6000
312.5 6000
313 6000
313.5 6000
314 6000
314.5 6000
315 7500
315.5 7500
316 7500
316.5 7500
317 7500
317.5 7500
318 7500
318.5 7500
319 7500
319.5 7500
320 7500
320.5 7500
321 7500
321.5 7500
322 9000
322.5 9000
323 9000
323.5 9000
324 9000
324.5 9000
325 9000
325.5 9000
326 9000
326.5 9000
327 9000
327.5 9000
328 9000
328.5 9000
329 10500
329.5 10500
330 10500
330.5 10500
331 10500
331.5 10500
332 10500
332.5 10500
333 10500
333.5 10500
334 10500
334.5 10500
335 10500
335.5 10500
336 12000
336.5 12000
337 12000
337.5 12000
338 12000
338.5 12000
339 12000
339.5 12000
340 12000
340.5 12000
341 12000
341.5 12000
342 12000
342.5 12000
343 3000
343.5 3000
344 3000
344.5 3000
345 3000
345.5 3000
346 3000
346.5 3000
347 3000
347.5 3000
348 3000
348.5 3000
349 3000
349.5 3000
350 4500
350.5 4500
351 4500
351.5 4500
352 4500
352.5 4500
353 4500
353.5 4500
354 4500
354.5 4500
355 4500
355.5 4500
356 4500
356.5 4500
357 6000
357.5 6000
358 6000
358.5 6000
359 6000
359.5 6000
360 6000
360.5 6000
361 6000
361.5 6000
362 6000
362.5 6000
363 6000
363.5 6000
364 7500
364.5 7500
365 7500
365.5 7500
366 7500
366.5 7500
367 7500
367.5 7500
368 7500
368.5 7500
369 7500
369.5 7500
370 7500
370.5 7500
371 9000
371.5 9000
372 9000
372.5 9000
373 9000
373.5 9000
374 9000
374.5 9000
375 9000
375.5 9000
376 9000
376.5 9000
377 9000
377.5 9000
378 10500
378.5 10500
379 10500
379.5 10500
380 10500
380.5 10500
381 10500
381.5 10500
382 10500
382.5 10500
383 10500
383.5 10500
384 10500
384.5 10500
385 12000
385.5 12000
386 12000
386.5 12000
387 12000
387.5 12000
388 12000
388.5 12000
389 12000
389.5 12000
390 12000
390.5 12000
391 12000
391.5 12000
392 3000
392.5 3000
393 3000
393.5 3000
394 3000
394.5 3000
395 3000
395.5 3000
396 3000
396.5 3000
397 3000
397.5 3000
398 3000
398.5 3000
399 4500
399.5 4500
400 4500
400.5 4500
401 4500
401.5 4500
402 4500
402.5 4500
403 4500
403.5 4500
404 4500
404.5 4500
405 4500
405.5 4500
406 6000
406.5 6000
407 6000
407.5 6000
408 6000
408.5 6000
409 6000
409.5 6000
410 6000
410.5 6000
411 6000
411.5 6000
412 6000
412.5 6000
413 7500
413.5 7500
414 7500
414.5 7500
415 7500
415.5 7500
416 7500
416.5 7500
417 7500
417.5 7500
418 7500
418.5 7500
419 7500
419.5 7500
420 9000
420.5 9000
421 9000
421.5 9000
422 9000
422.5 9000
423 9000
423.5 9000
424 9000
424.5 9000
425 9000
425.5 9000
426 9000
426.5 9000
427 10500
427.5 10500
428 10500
428.5 10500
429 10500
429.5 10500
430 10500
430.5 10500
431 10500
431.5 10500
432 10500
432.5 10500
433 10500
433.5 10500
434 12000
434.5 12000
435 12000
435.5 12000
436 12000
436.5 12000
437 12000
437.5 12000
438 12000
438.5 12000
439 12000
439.5 12000
440 12000
440.5 12000
