# Table format: 1D
# Expected output of FlightCondition_RPM_DP_FlowRate_MM1D.txt: Flow_L_min vs time
# axis1_unit = s
# table_unit = L/min
0 18.975
1 18.75
2 18.3
3 17.85
4 17.4
5 16.95
6 16.5
7 28.5666
8 28.3331
9 27.8663
10 27.3994
11 26.9325
12 26.4656
13 25.9988
14 38.1581
15 37.9162
16 37.4325
17 36.9487
18 36.465
19 35.9812
20 35.4975
21 47.7497
22 47.4994
23 46.9988
24 46.4981
25 45.9975
26 45.4969
27 44.9963
28 57.3413
29 57.0825
30 56.565
31 56.0475
32 55.53
33 55.0125
34 54.495
35 66.9328
36 66.6656
37 66.1313
38 65.5969
39 65.0625
40 64.5281
41 63.9938
42 76.5244
43 76.2488
44 75.6975
45 75.1462
46 74.595
47 74.0438
48 73.4925
49 18.975
50 18.75
51 18.3
52 17.85
53 17.4
54 16.95
55 16.5
56 28.5666
57 28.3331
58 27.8663
59 27.3994
60 26.9325
61 26.4656
62 25.9988
63 38.1581
64 37.9162
65 37.4325
66 36.9487
67 36.465
68 35.9812
69 35.4975
70 47.7497
71 47.4994
72 46.9988
73 46.4981
74 45.9975
75 45.4969
76 44.9963
77 57.3413
78 57.0825
79 56.565
80 56.0475
81 55.53
82 55.0125
83 54.495
84 66.9328
85 66.6656
86 66.1313
87 65.5969
88 65.0625
89 64.5281
90 63.9938
91 76.5244
92 76.2488
93 75.6975
94 75.1462
95 74.595
96 74.0438
97 73.4925
98 18.975
99 18.75
100 18.3
101 17.85
102 17.4
103 16.95
104 16.5
105 28.5666
106 28.3331
107 27.8663
108 27.3994
109 26.9325
110 26.4656
111 25.9988
112 38.1581
113 37.9162
114 37.4325
115 36.9487
116 36.465
117 35.9812
118 35.4975
119 47.7497
120 47.4994
121 46.9988
122 46.4981
123 45.9975
124 45.4969
125 44.9963
126 57.3413
127 57.0825
128 56.565
129 56.0475
130 55.53
131 55.0125
132 54.495
133 66.9328
134 66.6656
135 66.1313
136 65.5969
137 65.0625
138 64.5281
139 63.9938
140 76.5244
141 76.2488
142 75.6975
143 75.1462
144 74.595
145 74.0438
146 73.4925
147 18.975
148 18.75
149 18.3
150 17.85
151 17.4
152 16.95
153 16.5
154 28.5666
155 28.3331
156 27.8663
157 27.3994
158 26.9325
159 26.4656
160 25.9988
161 38.1581
162 37.9162
163 37.4325
164 36.9487
165 36.465
166 35.9812
167 35.4975
168 47.7497
169 47.4994
170 46.9988
171 46.4981
172 45.9975
173 45.4969
174 44.9963
175 57.3413
176 57.0825
177 56.565
178 56.0475
179 55.53
180 55.0125
181 54.495
182 66.9328
183 66.6656
184 66.1313
185 65.5969
186 65.0625
187 64.5281
188 63.9938
189 76.5244
190 76.2488
191 75.6975
192 75.1462
193 74.595
194 74.0438
195 73.4925
196 18.975
197 18.75
198 18.3
199 17.85
200 17.4
201 16.95
202 16.5
203 28.5666
204 28.3331
205 27.8663
206 27.3994
207 26.9325
208 26.4656
209 25.9988
210 38.1581
211 37.9162
212 37.4325
213 36.9487
214 36.465
215 35.9812
216 35.4975
217 47.7497
218 47.4994
219 46.9988
220 46.4981
221 45.9975
222 45.4969
223 44.9963
224 57.3413
225 57.0825
226 56.565
227 56.0475
228 55.53
229 55.0125
230 54.495
231 66.9328
232 66.6656
233 66.1313
234 65.5969
235 65.0625
236 64.5281
237 63.9938
238 76.5244
239 76.2488
240 75.6975
241 75.1462
242 74.595
243 74.0438
244 73.4925
245 18.975
246 18.75
247 18.3
248 17.85
249 17.4
250 16.95
251 16.5
252 28.5666
253 28.3331
254 27.8663
255 27.3994
256 26.9325
257 26.4656
258 25.9988
259 38.1581
260 37.9162
261 37.4325
262 36.9487
263 36.465
264 35.9812
265 35.4975
266 47.7497
267 47.4994
268 46.9988
269 46.4981
270 45.9975
271 45.4969
272 44.9963
273 57.3413
274 57.0825
275 56.565
276 56.0475
277 55.53
278 55.0125
279 54.495
280 66.9328
281 66.6656
282 66.1313
283 65.5969
284 65.0625
285 64.5281
286 63.9938
287 76.5244
288 76.2488
289 75.6975
290 75.1462
291 74.595
292 74.0438
293 73.4925
294 18.975
295 18.75
296 18.3
297 17.85
298 17.4
299 16.95
300 16.5
301 28.5666
302 28.3331
303 27.8663
304 27.3994
305 26.9325
306 26.4656
307 25.9988
308 38.1581
309 37.9162
310 37.4325
311 36.9487
312 36.465
313 35.9812
314 35.4975
315 47.7497
316 47.4994
317 46.9988
318 46.4981
319 45.9975
320 45.4969
321 44.9963
322 57.3413
323 57.0825
324 56.565
325 56.0475
326 55.53
327 55.0125
328 54.495
329 66.9328
330 66.6656
331 66.1313
332 65.5969
333 65.0625
334 64.5281
335 63.9938
336 76.5244
337 76.2488
338 75.6975
339 75.1462
340 74.595
341 74.0438
342 73.4925
343 18.975
344 18.75
345 18.3
346 17.85
347 17.4
348 16.95
349 16.5
350 28.5666
351 28.3331
352 27.8663
353 27.3994
354 26.9325
355 26.4656
356 25.9988
357 38.1581
358 37.9162
359 37.4325
360 36.9487
361 36.465
362 35.9812
363 35.4975
364 47.7497
365 47.4994
366 46.9988
367 46.4981
368 45.9975
369 45.4969
370 44.9963
371 57.3413
372 57.0825
373 56.565
374 56.0475
375 55.53
376 55.0125
377 54.495
378 66.9328
379 66.6656
380 66.1313
381 65.5969
382 65.0625
383 64.5281
384 63.9938
385 76.5244
386 76.2488
387 75.6975
388 75.1462
389 74.595
390 74.0438
391 73.4925
392 18.975
393 18.75
394 18.3
395 17.85
396 17.4
397 16.95
398 16.5
399 28.5666
400 28.3331
401 27.8663
402 27.3994
403 26.9325
404 26.4656
405 25.9988
406 38.1581
407 37.9162
408 37.4325
409 36.9487
410 36.465
411 35.9812
412 35.4975
413 47.7497
414 47.4994
415 46.9988
416 46.4981
417 45.9975
418 45.4969
419 44.9963
420 57.3413
421 57.0825
422 56.565
423 56.0475
424 55.53
425 55.0125
426 54.495
427 66.9328
428 66.6656
429 66.1313
430 65.5969
431 65.0625
432 64.5281
433 63.9938
434 76.5244
435 76.2488
436 75.6975
437 75.1462
438 74.595
439 74.0438
440 73.4925
