# Table format: 1D
# Input signal 2 of RPM_DP_FlowRate_M1D.txt: dP_bar vs time
# axis1_unit = s
# table_unit = bar
0 5
0.5 5
1 10
1.5 10
2 20
2.5 20
3 30
3.5 30
4 40
4.5 40
5 50
5.5 50
6 60
6.5 60
7 5
7.5 5
8 10
8.5 10
9 20
9.5 20
10 30
10.5 30
11 40
11.5 40
12 50
12.5 50
13 60
13.5 60
14 5
14.5 5
15 10
15.5 10
16 20
16.5 20
17 30
17.5 30
18 40
18.5 40
19 50
19.5 50
20 60
20.5 60
21 5
21.5 5
22 10
22.5 10
23 20
23.5 20
24 30
24.5 30
25 40
25.5 40
26 50
26.5 50
27 60
27.5 60
28 5
28.5 5
29 10
29.5 10
30 20
30.5 20
31 30
31.5 30
32 40
32.5 40
33 50
33.5 50
34 60
34.5 60
35 5
35.5 5
36 10
36.5 10
37 20
37.5 20
38 30
38.5 30
39 40
39.5 40
40 50
40.5 50
41 60
41.5 60
42 5
42.5 5
43 10
43.5 10
44 20
44.5 20
45 30
45.5 30
46 40
46.5 40
47 50
47.5 50
48 60
48.5 60
