# Table format: 1D
# Input signal 1 of RPM_DP_FlowRate_M1D.txt: RPM vs time
# axis1_unit = s
# table_unit = rev/min
0 3000
1 3000
2 3000
3 3000
4 3000
5 3000
6 3000
7 4500
8 4500
9 4500
10 4500
11 4500
12 4500
13 4500
14 6000
15 6000
16 6000
17 6000
18 6000
19 6000
20 6000
21 7500
22 7500
23 7500
24 7500
25 7500
26 7500
27 7500
28 9000
29 9000
30 9000
31 9000
32 9000
33 9000
34 9000
35 10500
36 10500
37 10500
38 10500
39 10500
40 10500
41 10500
42 12000
43 12000
44 12000
45 12000
46 12000
47 12000
48 12000
