# Table format: 1D
# Expected output of RPM_DP_FlowRate_M1D.txt: Flow_L_min vs time
# axis1_unit = s
# table_unit = L/min
0 18.975
0.5 18.975
1 18.75
1.5 18.75
2 18.3
2.5 18.3
3 17.85
3.5 17.85
4 17.4
4.5 17.4
5 16.95
5.5 16.95
6 16.5
6.5 16.5
7 28.5666
7.5 28.5666
8 28.3331
8.5 28.3331
9 27.8663
9.5 27.8663
10 27.3994
10.5 27.3994
11 26.9325
11.5 26.9325
12 26.4656
12.5 26.4656
13 25.9988
13.5 25.9988
14 38.1581
14.5 38.1581
15 37.9162
15.5 37.9162
16 37.4325
16.5 37.4325
17 36.9487
17.5 36.9487
18 36.465
18.5 36.465
19 35.9812
19.5 35.9812
20 35.4975
20.5 35.4975
21 47.7497
21.5 47.7497
22 47.4994
22.5 47.4994
23 46.9988
23.5 46.9988
24 46.4981
24.5 46.4981
25 45.9975
25.5 45.9975
26 45.4969
26.5 45.4969
27 44.9963
27.5 44.9963
28 57.3413
28.5 57.3413
29 57.0825
29.5 57.0825
30 56.565
30.5 56.565
31 56.0475
31.5 56.0475
32 55.53
32.5 55.53
33 55.0125
33.5 55.0125
34 54.495
34.5 54.495
35 66.9328
35.5 66.9328
36 66.6656
36.5 66.6656
37 66.1313
37.5 66.1313
38 65.5969
38.5 65.5969
39 65.0625
39.5 65.0625
40 64.5281
40.5 64.5281
41 63.9938
41.5 63.9938
42 76.5244
42.5 76.5244
43 76.2488
43.5 76.2488
44 75.6975
44.5 75.6975
45 75.1462
45.5 75.1462
46 74.595
46.5 74.595
47 74.0438
47.5 74.0438
48 73.4925
48.5 73.4925
