# Table format: T1D
# Created from RPM_DP_FlowRate_MATLAB_Example.xlsx
# Value: Flow_L_min
# X: dP_bar
# Y: RPM
# table_unit = L/min
# axis1_unit = bar
# axis2_unit = rev/min
3000 7
  5 18.975
  10 18.75
  20 18.3
  30 17.85
  40 17.4
  50 16.95
  60 16.5
4500 7
  5 28.5666
  10 28.3331
  20 27.8663
  30 27.3994
  40 26.9325
  50 26.4656
  60 25.9988
6000 7
  5 38.1581
  10 37.9162
  20 37.4325
  30 36.9487
  40 36.465
  50 35.9812
  60 35.4975
7500 7
  5 47.7497
  10 47.4994
  20 46.9988
  30 46.4981
  40 45.9975
  50 45.4969
  60 44.9963
9000 7
  5 57.3413
  10 57.0825
  20 56.565
  30 56.0475
  40 55.53
  50 55.0125
  60 54.495
10500 7
  5 66.9328
  10 66.6656
  20 66.1313
  30 65.5969
  40 65.0625
  50 64.5281
  60 63.9938
12000 7
  5 76.5244
  10 76.2488
  20 75.6975
  30 75.1462
  40 74.595
  50 74.0438
  60 73.4925
